41 0.12578125 0.4484375 0.05 0.0765625
55 0.19140625 0.45 0.04609375 0.071875
19 0.23828125 0.44921875 0.04765625 0.07421875
56 0.3046875 0.446875 0.0484375 0.07421875
19 0.35703125 0.44765625 0.04375 0.0796875
3 0.40234375 0.44453125 0.04375 0.07890625
41 0.5984375 0.55703125 0.0484375 0.07109375
55 0.66015625 0.5578125 0.0484375 0.0734375
19 0.71171875 0.55703125 0.04765625 0.07578125
56 0.77578125 0.55625 0.04765625 0.06953125
19 0.82890625 0.55546875 0.04921875 0.075
3 0.8765625 0.553125 0.04609375 0.07578125