0 0.39140625 0.65 0.021875 0.04375
0 0.40703125 0.646875 0.015625 0.04375
33 0.42265625 0.64765625 0.0171875 0.04375
55 0.4375 0.64609375 0.0171875 0.0375
33 0.45078125 0.64453125 0.0171875 0.0375
35 0.465625 0.64375 0.0171875 0.040625
29 0.48046875 0.640625 0.015625 0.040625
57 0.4953125 0.63828125 0.01875 0.0390625
19 0.51015625 0.6359375 0.0171875 0.040625
35 0.5265625 0.634375 0.0171875 0.0375
31 0.54296875 0.6328125 0.0171875 0.0375
55 0.55859375 0.6296875 0.01875 0.0375
0 0.58671875 0.6265625 0.0171875 0.034375
0 0.6 0.6234375 0.0140625 0.034375
57 0.615625 0.6203125 0.01875 0.0375
41 0.63046875 0.61953125 0.015625 0.0375
41 0.64375 0.61796875 0.015625 0.0375
43 0.65859375 0.615625 0.0203125 0.0359375
0 0.321875 0.70703125 0.01875 0.0453125
0 0.33828125 0.7046875 0.0171875 0.0421875
31 0.353125 0.703125 0.0171875 0.040625
40 0.36875 0.70078125 0.01875 0.04375
38 0.38359375 0.69921875 0.0171875 0.0375
41 0.3984375 0.6984375 0.015625 0.0390625
57 0.415625 0.696875 0.0171875 0.0390625
19 0.43046875 0.6953125 0.0171875 0.0390625
42 0.44609375 0.69296875 0.01875 0.0390625
52 0.46328125 0.68984375 0.01875 0.040625
0 0.4921875 0.68671875 0.0171875 0.0375
0 0.5078125 0.68515625 0.0171875 0.0359375
59 0.52265625 0.68359375 0.01875 0.0375
54 0.5390625 0.68046875 0.015625 0.034375
27 0.55390625 0.678125 0.015625 0.0375
41 0.56875 0.67578125 0.0171875 0.0375
45 0.584375 0.67421875 0.01875 0.0390625
45 0.59921875 0.67109375 0.015625 0.0375
33 0.6125 0.66875 0.015625 0.0375
55 0.62734375 0.66640625 0.015625 0.0375
0 0.65546875 0.6609375 0.0171875 0.0390625
0 0.6703125 0.6578125 0.0171875 0.0390625
41 0.684375 0.65703125 0.0171875 0.0390625
45 0.6984375 0.6546875 0.0171875 0.0390625
55 0.71171875 0.65390625 0.015625 0.0375
46 0.7265625 0.6515625 0.0171875 0.0375