19 0.2015625 0.31484375 0.0484375 0.2
49 0.26640625 0.340625 0.04375 0.1921875
41 0.2984375 0.34921875 0.040625 0.1859375
45 0.32734375 0.3625 0.0375 0.1765625
41 0.35625 0.37265625 0.040625 0.1703125
40 0.3859375 0.3828125 0.0359375 0.1609375
57 0.4140625 0.38984375 0.0375 0.1609375
29 0.4703125 0.40625 0.0359375 0.15625
49 0.496875 0.415625 0.034375 0.1515625
33 0.52421875 0.43125 0.0359375 0.1625
59 0.571875 0.4546875 0.034375 0.14375
55 0.59765625 0.47109375 0.0296875 0.1390625
31 0.62109375 0.47578125 0.0328125 0.11875
35 0.646875 0.49453125 0.03125 0.1421875
33 0.671875 0.503125 0.034375 0.14375
19 0.71171875 0.53046875 0.0359375 0.15625
45 0.7375 0.5390625 0.0328125 0.14375
46 0.77578125 0.55078125 0.03125 0.1390625
41 0.79765625 0.5546875 0.0265625 0.1234375
40 0.82109375 0.56640625 0.034375 0.1375
22 0.340625 0.73671875 0.0375 0.1515625
49 0.36875 0.74375 0.0375 0.15625
33 0.39921875 0.75234375 0.0390625 0.1625
57 0.4265625 0.76484375 0.034375 0.15625
33 0.45625 0.7765625 0.0390625 0.15625
27 0.50859375 0.78671875 0.0375 0.1609375
59 0.534375 0.790625 0.034375 0.1390625
19 0.55859375 0.8015625 0.0328125 0.146875
57 0.58359375 0.80390625 0.0328125 0.1328125
19 0.609375 0.8109375 0.0328125 0.1328125
29 0.634375 0.8234375 0.03125 0.1328125
55 0.6796875 0.83125 0.0328125 0.1328125
19 0.70234375 0.8375 0.028125 0.1359375
56 0.72578125 0.84765625 0.028125 0.1265625
33 0.74765625 0.8515625 0.03125 0.1328125
27 0.7703125 0.8578125 0.0328125 0.13125