14 0.47265625 0.31015625 0.009375 0.0265625
47 0.484375 0.309375 0.0109375 0.0265625
14 0.69296875 0.3265625 0.0109375 0.0265625
35 0.70625 0.3265625 0.0109375 0.0296875
2 0.57734375 0.6703125 0.0109375 0.0296875
55 0.5890625 0.6703125 0.0109375 0.0296875
55 0.60078125 0.671875 0.0125 0.0265625
2 0.68828125 0.503125 0.0109375 0.0296875
43 0.7015625 0.50234375 0.015625 0.0296875
41 0.47421875 0.8140625 0.0125 0.0296875
59 0.4859375 0.81640625 0.0109375 0.025
16 0.49765625 0.8171875 0.0109375 0.0296875
35 0.66953125 0.83515625 0.0109375 0.0265625
55 0.68203125 0.83515625 0.0109375 0.0265625
41 0.69375 0.8375 0.0109375 0.0265625
27 0.70625 0.8359375 0.0109375 0.03125
33 0.71875 0.8375 0.0109375 0.0265625
31 0.47109375 0.971875 0.0125 0.0265625
55 0.4828125 0.97109375 0.0109375 0.028125
13 0.4953125 0.97265625 0.0109375 0.028125
43 0.50703125 0.97421875 0.0109375 0.0296875