19 0.27890625 0.25703125 0.0578125 0.0671875
57 0.33984375 0.2609375 0.053125 0.053125
33 0.3875 0.26875 0.0484375 0.053125
31 0.42734375 0.2734375 0.0421875 0.0515625
37 0.47265625 0.28125 0.0546875 0.0546875
47 0.52890625 0.29375 0.046875 0.053125
57 0.575 0.30234375 0.053125 0.053125
31 0.61875 0.30703125 0.0453125 0.0515625
19 0.6578125 0.3125 0.05 0.0578125
55 0.6984375 0.31875 0.0421875 0.0515625
55 0.7390625 0.325 0.0484375 0.0484375
33 0.7859375 0.3328125 0.0515625 0.05
22 0.3046875 0.3625 0.0515625 0.05
49 0.3453125 0.3671875 0.0421875 0.0453125
31 0.3828125 0.375 0.0421875 0.0453125
29 0.42890625 0.38359375 0.0515625 0.05
19 0.49140625 0.3953125 0.046875 0.05
27 0.534375 0.40234375 0.05 0.05
46 0.59765625 0.41015625 0.0453125 0.0453125
41 0.63671875 0.41796875 0.046875 0.05
40 0.6828125 0.4234375 0.0484375 0.05
57 0.72734375 0.4265625 0.05 0.053125
27 0.28671875 0.46875 0.05 0.0515625
40 0.33125 0.47421875 0.0453125 0.046875
59 0.375 0.48203125 0.0484375 0.0484375
33 0.41484375 0.48828125 0.046875 0.0546875
57 0.45625 0.49453125 0.0421875 0.0484375
59 0.4984375 0.50234375 0.0484375 0.0453125
41 0.5390625 0.50859375 0.0484375 0.0453125
22 0.5828125 0.515625 0.04375 0.0421875
33 0.61953125 0.521875 0.0421875 0.0453125
57 0.66171875 0.52890625 0.05 0.05
16 0.70703125 0.534375 0.0484375 0.0484375