43 0.19453125 0.525 0.0359375 0.059375
31 0.225 0.52578125 0.0328125 0.0578125
39 0.2578125 0.528125 0.0375 0.0578125
33 0.290625 0.53046875 0.0359375 0.059375
27 0.3359375 0.53515625 0.0375 0.059375
41 0.36953125 0.5375 0.034375 0.05625
43 0.403125 0.540625 0.034375 0.059375
33 0.43359375 0.54375 0.0328125 0.05625
41 0.46484375 0.54609375 0.03125 0.0546875
45 0.4953125 0.54765625 0.034375 0.0578125
33 0.5265625 0.5515625 0.0359375 0.059375
27 0.5765625 0.55625 0.0359375 0.0640625
43 0.60859375 0.56015625 0.034375 0.0578125
19 0.64140625 0.5625 0.0359375 0.0640625
55 0.6734375 0.56328125 0.0328125 0.0546875
33 0.70546875 0.56796875 0.0375 0.065625