0 0.40625 0.66171875 0.0234375 0.04375
0 0.4234375 0.65859375 0.021875 0.040625
33 0.4375 0.65625 0.0203125 0.040625
55 0.45234375 0.65390625 0.0203125 0.0375
33 0.465625 0.65078125 0.021875 0.0390625
35 0.48046875 0.6453125 0.0234375 0.040625
29 0.49453125 0.64140625 0.01875 0.0390625
57 0.51015625 0.6375 0.021875 0.040625
19 0.52421875 0.634375 0.0203125 0.0390625
35 0.5421875 0.63125 0.021875 0.0390625
31 0.55859375 0.628125 0.0203125 0.0359375
55 0.5734375 0.62421875 0.021875 0.0375
0 0.6 0.6171875 0.0234375 0.0375
0 0.61484375 0.6140625 0.01875 0.0359375
57 0.6296875 0.61015625 0.01875 0.0375
41 0.64375 0.60546875 0.01875 0.0375
41 0.65703125 0.60234375 0.0203125 0.0390625
43 0.671875 0.6 0.0203125 0.0359375
0 0.34296875 0.7265625 0.025 0.0453125
0 0.359375 0.7234375 0.021875 0.0453125
31 0.375 0.721875 0.0234375 0.0390625
40 0.38984375 0.7171875 0.021875 0.0390625
38 0.4046875 0.7140625 0.0203125 0.0421875
41 0.41953125 0.7109375 0.021875 0.040625
57 0.43671875 0.70703125 0.021875 0.040625
19 0.45234375 0.70546875 0.0203125 0.0421875
42 0.4671875 0.6984375 0.0203125 0.0375
52 0.4828125 0.69609375 0.021875 0.040625
0 0.5125 0.68984375 0.0203125 0.0375
0 0.5265625 0.6859375 0.01875 0.0375
59 0.54296875 0.68046875 0.021875 0.0390625
54 0.5578125 0.67734375 0.0203125 0.0359375
27 0.57421875 0.67265625 0.0203125 0.040625
41 0.58828125 0.66953125 0.01875 0.0390625
45 0.60234375 0.665625 0.0203125 0.0390625
45 0.61796875 0.6625 0.0203125 0.0390625
33 0.63203125 0.6578125 0.021875 0.040625
55 0.64765625 0.6546875 0.021875 0.0390625
0 0.671875 0.64609375 0.021875 0.0359375
0 0.6859375 0.64296875 0.01875 0.034375
41 0.7015625 0.63828125 0.01875 0.0359375
45 0.71484375 0.6359375 0.01875 0.0359375
55 0.72890625 0.63125 0.0171875 0.034375
46 0.7421875 0.628125 0.0203125 0.034375