57 0.24296875 0.3765625 0.0921875 0.1125
55 0.3234375 0.36796875 0.08125 0.115625
41 0.2546875 0.52109375 0.1078125 0.121875
41 0.34375 0.50859375 0.0875 0.1140625
39 0.42265625 0.5 0.075 0.1078125
0 0.084375 0.3953125 0.078125 0.1046875
47 0.15625 0.38671875 0.075 0.1015625
0 0.0953125 0.53046875 0.0734375 0.1
47 0.1640625 0.52421875 0.0734375 0.103125
0 0.10546875 0.66640625 0.0640625 0.0953125
57 0.1796875 0.6578125 0.0875 0.103125
33 0.27109375 0.65234375 0.0890625 0.1140625
56 0.35546875 0.640625 0.0921875 0.1109375
19 0.43828125 0.63046875 0.084375 0.1078125
33 0.5265625 0.62265625 0.0828125 0.1109375
22 0.6140625 0.61484375 0.0921875 0.1203125