0 0.16171875 0.13203125 0.0453125 0.0921875
29 0.2015625 0.1359375 0.05 0.0828125
49 0.246875 0.14453125 0.05625 0.0859375
33 0.29296875 0.1515625 0.0546875 0.08125
41 0.38203125 0.1640625 0.05625 0.0984375
45 0.42578125 0.16875 0.0515625 0.0953125
55 0.4703125 0.175 0.05625 0.0859375
46 0.51484375 0.184375 0.05625 0.0875
29 0.60546875 0.196875 0.05 0.084375
49 0.65078125 0.19921875 0.053125 0.0921875
19 0.6953125 0.21015625 0.05 0.078125
45 0.73671875 0.2171875 0.0515625 0.0859375
53 0.7859375 0.221875 0.053125 0.090625
22 0.1890625 0.2421875 0.0609375 0.09375
41 0.2296875 0.25 0.046875 0.096875
57 0.2734375 0.25859375 0.046875 0.0875
27 0.32109375 0.25703125 0.0484375 0.0859375
33 0.365625 0.2671875 0.0578125 0.090625
29 0.45625 0.2828125 0.0578125 0.0984375
49 0.49921875 0.28984375 0.0484375 0.0875
31 0.53984375 0.29375 0.0515625 0.0875
45 0.59296875 0.29921875 0.0546875 0.0828125
47 0.67578125 0.31328125 0.053125 0.0921875
33 0.7265625 0.31796875 0.0515625 0.0921875
19 0.76953125 0.3234375 0.0484375 0.0875
45 0.81328125 0.33203125 0.0515625 0.09375
53 0.85703125 0.34140625 0.0546875 0.0921875
47 0.17109375 0.34140625 0.0515625 0.0890625
55 0.21015625 0.34921875 0.046875 0.0875
19 0.26171875 0.35625 0.053125 0.090625
45 0.30625 0.365625 0.0515625 0.0859375
37 0.35 0.37109375 0.0515625 0.0890625
19 0.44140625 0.390625 0.0515625 0.0859375
27 0.48515625 0.39609375 0.053125 0.0921875
49 0.57421875 0.40546875 0.0515625 0.084375
31 0.6171875 0.41015625 0.0421875 0.08125
56 0.66484375 0.41875 0.0484375 0.0859375
19 0.71171875 0.42890625 0.046875 0.0921875
45 0.75703125 0.4296875 0.0546875 0.09375
53 0.8 0.4390625 0.059375 0.0921875
27 0.15703125 0.45 0.0515625 0.0890625
19 0.19765625 0.453125 0.053125 0.084375
53 0.24140625 0.46484375 0.0578125 0.090625
49 0.28515625 0.47109375 0.0484375 0.0875
29 0.3328125 0.47890625 0.05 0.08125
47 0.4234375 0.4875 0.0484375 0.0875
40 0.46953125 0.4921875 0.059375 0.090625
29 0.51171875 0.50390625 0.0515625 0.090625
45 0.603125 0.51328125 0.053125 0.09375
41 0.6484375 0.525 0.05625 0.0890625
56 0.31796875 0.584375 0.059375 0.09375
19 0.36328125 0.58828125 0.053125 0.09375
27 0.40390625 0.59609375 0.0625 0.1
19 0.45 0.6046875 0.05625 0.10625
41 0.49375 0.609375 0.0546875 0.0953125
45 0.53984375 0.6203125 0.059375 0.09375
18 0.5890625 0.62265625 0.0578125 0.0953125
26 0.10234375 0.76171875 0.059375 0.1046875
0 0.15 0.76796875 0.0546875 0.0984375
49 0.19140625 0.77421875 0.0546875 0.09375
33 0.2359375 0.78046875 0.0609375 0.0984375
55 0.27890625 0.78515625 0.0546875 0.1
55 0.3265625 0.79609375 0.0578125 0.090625
33 0.37734375 0.80390625 0.053125 0.1015625
45 0.42265625 0.81015625 0.0546875 0.0953125
0 0.509375 0.8171875 0.0609375 0.109375
39 0.5546875 0.82578125 0.0578125 0.103125
33 0.603125 0.83828125 0.059375 0.10625
55 0.64375 0.84375 0.0578125 0.103125
55 0.6890625 0.84765625 0.0609375 0.103125
33 0.73671875 0.85625 0.0609375 0.1015625
57 0.78125 0.86328125 0.053125 0.096875
26 0.82890625 0.86875 0.0546875 0.1015625