0 0.27421875 0.34375 0.05 0.0828125
27 0.31640625 0.33671875 0.053125 0.0859375
41 0.35546875 0.3296875 0.046875 0.0828125
43 0.396875 0.321875 0.0484375 0.08125
33 0.43671875 0.31640625 0.0453125 0.0796875
27 0.51484375 0.303125 0.05625 0.0875
33 0.55703125 0.29296875 0.05 0.0921875
33 0.5984375 0.28828125 0.0515625 0.090625
31 0.359375 0.46640625 0.0515625 0.096875
22 0.4390625 0.446875 0.05 0.090625
33 0.47890625 0.4390625 0.0453125 0.08125
33 0.515625 0.4328125 0.046875 0.084375
37 0.5546875 0.4203125 0.05 0.0875
23 0.59921875 0.41171875 0.0546875 0.0875
27 0.346875 0.5875 0.053125 0.090625
41 0.38671875 0.58046875 0.05 0.0875
43 0.42421875 0.5734375 0.046875 0.084375
33 0.4640625 0.56875 0.0484375 0.0828125
27 0.5453125 0.55078125 0.046875 0.0796875
33 0.5859375 0.54375 0.0453125 0.0796875
33 0.625 0.5359375 0.05 0.084375
31 0.38203125 0.71796875 0.053125 0.0859375
22 0.45859375 0.703125 0.0515625 0.0828125
19 0.503125 0.69453125 0.0484375 0.084375
27 0.5421875 0.6859375 0.05 0.0875
49 0.584375 0.67890625 0.0484375 0.084375
18 0.62578125 0.66875 0.046875 0.0890625