43 0.209375 0.5984375 0.0390625 0.0609375
31 0.2390625 0.5921875 0.0359375 0.059375
39 0.271875 0.5859375 0.040625 0.059375
33 0.30390625 0.58046875 0.0390625 0.0609375
27 0.34921875 0.5734375 0.040625 0.0609375
41 0.3828125 0.56796875 0.0390625 0.0578125
43 0.415625 0.56328125 0.0375 0.0609375
33 0.44609375 0.55859375 0.0375 0.0578125
41 0.4765625 0.553125 0.034375 0.05625
45 0.50703125 0.546875 0.0375 0.059375
33 0.53828125 0.54375 0.0390625 0.0609375
27 0.58828125 0.5359375 0.0390625 0.065625
43 0.61953125 0.5328125 0.0375 0.059375
19 0.65234375 0.5265625 0.0390625 0.065625
55 0.68359375 0.51953125 0.0375 0.05625
33 0.71640625 0.51640625 0.0421875 0.0671875