0 0.421875 0.3578125 0.04296875 0.08515625
22 0.46953125 0.34296875 0.04296875 0.08046875
46 0.515625 0.32734375 0.04296875 0.08515625
31 0.56484375 0.31015625 0.04140625 0.09375
29 0.61171875 0.28984375 0.0484375 0.09375
29 0.6671875 0.26796875 0.04296875 0.0921875
0 0.44921875 0.475 0.0375 0.07890625
41 0.49375 0.4671875 0.040625 0.08046875
22 0.54140625 0.45859375 0.0375 0.08359375
33 0.5875 0.45078125 0.0453125 0.08359375
45 0.64296875 0.44296875 0.04296875 0.09375
0 0.43671875 0.5890625 0.040625 0.090625
35 0.4859375 0.59140625 0.04296875 0.0890625
31 0.534375 0.5953125 0.03984375 0.09375
43 0.58359375 0.59609375 0.04296875 0.0953125
33 0.63515625 0.60078125 0.04609375 0.10546875
57 0.6859375 0.60234375 0.0453125 0.09375
41 0.74453125 0.60859375 0.04375 0.10390625
45 0.8078125 0.6109375 0.0515625 0.1078125