5 0.24453125 0.38203125 0.08203125 0.13203125
35 0.3328125 0.38203125 0.08203125 0.13203125
29 0.45703125 0.37265625 0.08125 0.1359375
19 0.53828125 0.371875 0.071875 0.13359375
43 0.62421875 0.37421875 0.06875 0.12578125
31 0.71171875 0.37890625 0.07578125 0.134375
43 0.328125 0.51171875 0.07421875 0.11640625
33 0.415625 0.509375 0.078125 0.1203125
39 0.5046875 0.51171875 0.084375 0.12578125
39 0.590625 0.5140625 0.0765625 0.125
31 0.68203125 0.51015625 0.084375 0.121875
55 0.2359375 0.640625 0.07734375 0.115625
41 0.33125 0.6421875 0.07578125 0.11953125
40 0.4140625 0.63984375 0.08203125 0.1234375
57 0.50078125 0.63984375 0.0765625 0.11953125
37 0.58515625 0.6453125 0.08125 0.1296875
33 0.67109375 0.64453125 0.078125 0.12421875
27 0.75546875 0.63828125 0.0875 0.140625