47 0.05078125 0.234375 0.03671875 0.11328125
57 0.08984375 0.23359375 0.03828125 0.11171875
31 0.12890625 0.23203125 0.03984375 0.11484375
19 0.16875 0.23203125 0.034375 0.11171875
55 0.2078125 0.23515625 0.04375 0.10625
55 0.25 0.2328125 0.0390625 0.11328125
33 0.290625 0.23671875 0.04453125 0.09140625
45 0.346875 0.23828125 0.03984375 0.09375
31 0.38671875 0.234375 0.0375 0.0984375
43 0.4265625 0.23359375 0.03828125 0.10625
33 0.465625 0.23125 0.0421875 0.0984375
53 0.52890625 0.2421875 0.040625 0.10703125
33 0.5671875 0.23984375 0.0359375 0.10625
45 0.60625 0.23828125 0.04140625 0.10859375
33 0.64609375 0.24296875 0.03515625 0.11171875
57 0.6828125 0.240625 0.03984375 0.11015625
31 0.72109375 0.2390625 0.0328125 0.10703125
29 0.7671875 0.2296875 0.0390625 0.11796875
41 0.80625 0.2375 0.03515625 0.11328125
57 0.84453125 0.234375 0.0375 0.1046875