47 0.221875 0.45625 0.0953125 0.2296875
57 0.3328125 0.4671875 0.11875 0.2265625
31 0.44453125 0.47421875 0.1 0.228125
19 0.56171875 0.48515625 0.103125 0.221875
55 0.671875 0.49609375 0.1140625 0.234375
55 0.76796875 0.49765625 0.1078125 0.221875
33 0.89921875 0.5078125 0.1171875 0.228125
37 0.209375 0.71015625 0.10625 0.209375
41 0.31796875 0.72265625 0.11875 0.2234375
53 0.434375 0.73359375 0.109375 0.228125
29 0.54609375 0.74140625 0.109375 0.2375
31 0.65078125 0.74296875 0.1078125 0.2390625
53 0.77265625 0.759375 0.1203125 0.2359375