37 0.13984375 0.61796875 0.0453125 0.115625
41 0.17578125 0.628125 0.046875 0.1359375
53 0.2140625 0.63671875 0.046875 0.128125
27 0.25390625 0.63125 0.05 0.1375
55 0.30234375 0.63046875 0.0484375 0.1328125
41 0.33984375 0.63125 0.0421875 0.11875
56 0.38125 0.63828125 0.0515625 0.1296875
33 0.41796875 0.63828125 0.0515625 0.140625
35 0.5109375 0.65078125 0.0484375 0.1328125
31 0.54296875 0.64375 0.0390625 0.1171875
29 0.58046875 0.65 0.05 0.140625
27 0.6203125 0.653125 0.0484375 0.1328125
31 0.67421875 0.659375 0.05 0.125
55 0.709375 0.66015625 0.046875 0.1296875
55 0.74765625 0.6625 0.0546875 0.140625
41 0.7890625 0.66328125 0.05 0.134375
22 0.8296875 0.66484375 0.053125 0.134375