35 0.26875 0.67265625 0.040625 0.0515625
55 0.3125 0.66171875 0.0359375 0.053125
41 0.35703125 0.646875 0.0375 0.0546875
35 0.39921875 0.62734375 0.0421875 0.053125
39 0.43828125 0.61171875 0.04375 0.05625
9 0.85390625 0.675 0.034375 0.04375
45 0.88515625 0.66171875 0.0453125 0.065625
29 0.9265625 0.65078125 0.0375 0.059375
33 0.95625 0.64296875 0.034375 0.0546875
45 0.7296875 0.3796875 0.0328125 0.0421875
53 0.6796875 0.3359375 0.0296875 0.03125
29 0.52578125 0.39140625 0.028125 0.0453125
47 0.29921875 0.425 0.040625 0.0359375
43 0.20859375 0.43984375 0.03125 0.0390625
47 0.0375 0.4515625 0.0390625 0.0484375
51 0.80859375 0.3125 0.025 0.034375
40 0.84140625 0.30390625 0.0359375 0.04375
27 0.875 0.3015625 0.034375 0.046875
27 0.9015625 0.3 0.0265625 0.040625
46 0.92578125 0.2984375 0.0328125 0.0390625
57 0.7703125 0.15390625 0.03125 0.040625
55 0.640625 0.25859375 0.028125 0.0328125
59 0.596875 0.27890625 0.0234375 0.0375
56 0.59453125 0.221875 0.034375 0.0359375
43 0.53984375 0.27734375 0.03125 0.040625
51 0.3796875 0.30703125 0.03125 0.05
44 0.42421875 0.19140625 0.0359375 0.04375
44 0.41640625 0.1 0.0203125 0.03125
29 0.63125 0.17421875 0.025 0.0328125
59 0.20078125 0.2609375 0.0296875 0.0359375
43 0.63125 0.2890625 0.0296875 0.0421875
29 0.390625 0.3703125 0.034375 0.0375
27 0.06875 0.38828125 0.0328125 0.034375
22 0.09609375 0.2625 0.0265625 0.0375
39 0.225 0.18984375 0.028125 0.0328125