37 0.128125 0.5734375 0.03125 0.11328125
41 0.1625 0.5875 0.03046875 0.1328125
53 0.19921875 0.60078125 0.03125 0.125
27 0.23984375 0.6 0.034375 0.134375
55 0.28828125 0.60546875 0.03203125 0.13046875
41 0.325 0.6109375 0.028125 0.115625
56 0.365625 0.62265625 0.03671875 0.1265625
33 0.4015625 0.62734375 0.0359375 0.13671875
35 0.4921875 0.65078125 0.03359375 0.12890625
31 0.525 0.64765625 0.02578125 0.115625
29 0.56171875 0.65859375 0.034375 0.13671875
27 0.60078125 0.66640625 0.03359375 0.12890625
31 0.653125 0.6796875 0.0359375 0.12109375
55 0.68828125 0.684375 0.03125 0.1265625
55 0.72578125 0.69140625 0.03828125 0.13671875
41 0.7671875 0.69765625 0.034375 0.13046875
22 0.80703125 0.70390625 0.03828125 0.13046875