0 0.38125 0.640625 0.01796875 0.04453125
0 0.396875 0.640625 0.01484375 0.04375
33 0.4125 0.64140625 0.015625 0.04140625
55 0.42734375 0.64140625 0.01328125 0.03671875
33 0.440625 0.640625 0.0140625 0.034375
35 0.45546875 0.6390625 0.0140625 0.0375
29 0.4703125 0.6390625 0.01484375 0.040625
57 0.4859375 0.6390625 0.01328125 0.0375
19 0.5015625 0.63671875 0.01484375 0.0375
35 0.51796875 0.63671875 0.01484375 0.03828125
31 0.534375 0.63515625 0.01484375 0.0359375
55 0.55078125 0.634375 0.0171875 0.0359375
55 0.578125 0.63046875 0.015625 0.03515625
55 0.5921875 0.63046875 0.0125 0.0359375
57 0.60703125 0.63046875 0.01328125 0.0359375
41 0.62265625 0.628125 0.01328125 0.03359375
41 0.63671875 0.628125 0.0125 0.0328125
43 0.6515625 0.6265625 0.015625 0.03515625
0 0.30625 0.69296875 0.01796875 0.04375
0 0.32265625 0.69296875 0.0140625 0.04296875
31 0.33828125 0.6921875 0.01484375 0.03984375
40 0.35390625 0.69375 0.01640625 0.040625
38 0.36953125 0.69453125 0.015625 0.0375
41 0.38515625 0.69140625 0.01484375 0.03828125
57 0.4015625 0.69140625 0.0171875 0.03828125
19 0.41796875 0.690625 0.01328125 0.0375
42 0.43203125 0.6890625 0.015625 0.0375
52 0.44921875 0.6890625 0.01640625 0.03671875
0 0.47890625 0.6875 0.01640625 0.0359375
0 0.49453125 0.68671875 0.01328125 0.034375
59 0.51171875 0.68515625 0.01328125 0.0359375
54 0.5265625 0.6828125 0.01328125 0.0359375
27 0.5421875 0.68203125 0.01484375 0.0375
41 0.55703125 0.68125 0.01328125 0.03515625
45 0.57265625 0.68046875 0.01328125 0.03359375
45 0.5875 0.6796875 0.0140625 0.03828125
33 0.60234375 0.67890625 0.0140625 0.0359375
55 0.61796875 0.67734375 0.015625 0.03671875
0 0.64375 0.6734375 0.015625 0.0359375
0 0.65859375 0.6734375 0.01328125 0.03359375
41 0.6734375 0.67109375 0.01328125 0.03671875
45 0.6875 0.67109375 0.0140625 0.03671875
55 0.7015625 0.66796875 0.01328125 0.03515625
46 0.71640625 0.66875 0.01484375 0.0328125