19 0.21484375 0.12890625 0.0453125 0.0921875
49 0.26953125 0.1328125 0.0421875 0.0859375
41 0.3015625 0.13515625 0.0359375 0.0859375
45 0.32734375 0.14296875 0.034375 0.0765625
41 0.35546875 0.14609375 0.0359375 0.0796875
40 0.38671875 0.14765625 0.0359375 0.075
57 0.41484375 0.15 0.0328125 0.071875
29 0.4703125 0.1609375 0.034375 0.071875
49 0.4984375 0.1640625 0.034375 0.075
33 0.528125 0.16796875 0.034375 0.0734375
59 0.58359375 0.17890625 0.034375 0.0703125
55 0.6125 0.18359375 0.0359375 0.075
31 0.640625 0.1859375 0.03125 0.0703125
35 0.66640625 0.1921875 0.03125 0.0703125
33 0.69375 0.1953125 0.034375 0.0671875
19 0.74609375 0.20234375 0.0390625 0.0765625
45 0.77734375 0.20546875 0.0375 0.078125
46 0.8265625 0.21484375 0.034375 0.06875
41 0.8515625 0.2203125 0.03125 0.0671875
40 0.8796875 0.22421875 0.0359375 0.078125
22 0.2921875 0.31875 0.0359375 0.071875
49 0.321875 0.31875 0.0328125 0.071875
33 0.35078125 0.325 0.0328125 0.0671875
57 0.378125 0.32890625 0.0359375 0.0765625
33 0.4078125 0.33359375 0.0359375 0.075
27 0.4640625 0.340625 0.0375 0.078125
59 0.49296875 0.34375 0.0359375 0.075
19 0.5234375 0.34921875 0.03125 0.0734375
57 0.54921875 0.3546875 0.0328125 0.0734375
19 0.57734375 0.35625 0.034375 0.075
29 0.60703125 0.35703125 0.034375 0.071875
55 0.66015625 0.36953125 0.0375 0.0765625
19 0.68828125 0.375 0.034375 0.075
56 0.715625 0.375 0.03125 0.06875
33 0.74140625 0.38203125 0.0359375 0.075
27 0.76953125 0.38359375 0.034375 0.075
19 0.17109375 0.48828125 0.0421875 0.0921875
49 0.2265625 0.4953125 0.040625 0.0875
41 0.25703125 0.49921875 0.0359375 0.075
45 0.2875 0.50234375 0.0328125 0.075
41 0.31484375 0.50546875 0.0359375 0.071875
40 0.3453125 0.50859375 0.0375 0.084375
57 0.3734375 0.509375 0.0328125 0.08125
29 0.4296875 0.51796875 0.0375 0.078125
49 0.45859375 0.52109375 0.0359375 0.0796875
33 0.4875 0.5234375 0.0359375 0.078125
59 0.54296875 0.52890625 0.0328125 0.075
55 0.57109375 0.53203125 0.034375 0.0734375
31 0.59765625 0.534375 0.0375 0.075
35 0.62578125 0.540625 0.034375 0.0703125
33 0.65390625 0.54296875 0.03125 0.06875
19 0.70546875 0.553125 0.0375 0.08125
45 0.73359375 0.55546875 0.0375 0.0828125
46 0.7859375 0.56328125 0.034375 0.071875
41 0.8125 0.56484375 0.034375 0.0703125
40 0.83828125 0.5703125 0.0328125 0.0734375
22 0.14765625 0.665625 0.034375 0.0796875
49 0.1796875 0.6703125 0.0375 0.075
19 0.209375 0.67421875 0.0328125 0.075
35 0.23671875 0.67578125 0.0375 0.075
49 0.26484375 0.67890625 0.034375 0.071875
19 0.32421875 0.68671875 0.0328125 0.0796875
27 0.353125 0.6890625 0.0375 0.078125
41 0.409375 0.69375 0.034375 0.075
51 0.4390625 0.6953125 0.0359375 0.075
55 0.49375 0.7046875 0.034375 0.0671875
41 0.52109375 0.70703125 0.0328125 0.0625
56 0.5484375 0.71171875 0.03125 0.0671875
33 0.57578125 0.71484375 0.034375 0.0671875
41 0.63203125 0.71953125 0.0359375 0.06875
51 0.66015625 0.71953125 0.0296875 0.065625
29 0.71484375 0.72734375 0.034375 0.075
57 0.73984375 0.728125 0.03125 0.071875
40 0.76640625 0.73125 0.034375 0.075
29 0.79453125 0.7328125 0.034375 0.075
49 0.8203125 0.73515625 0.034375 0.0796875
41 0.1890625 0.84765625 0.0359375 0.075
51 0.21796875 0.85390625 0.0328125 0.06875
55 0.275 0.86015625 0.0375 0.075
19 0.3046875 0.86171875 0.03125 0.071875
53 0.33125 0.86875 0.0328125 0.0703125
49 0.36171875 0.8734375 0.0375 0.075
29 0.39140625 0.87578125 0.034375 0.0734375
31 0.446875 0.88125 0.0359375 0.0765625
45 0.47578125 0.88515625 0.0359375 0.0765625
37 0.503125 0.88828125 0.0359375 0.0765625
41 0.55625 0.8921875 0.0359375 0.0796875
51 0.58359375 0.8953125 0.034375 0.0765625
59 0.63984375 0.89765625 0.0359375 0.071875
33 0.66796875 0.90078125 0.034375 0.0703125
31 0.69453125 0.903125 0.03125 0.0703125
35 0.72109375 0.90703125 0.0328125 0.0703125
33 0.7484375 0.9109375 0.0375 0.071875