0 0.38359375 0.63671875 0.01640625 0.046875
0 0.4 0.6359375 0.01328125 0.04296875
33 0.4140625 0.6375 0.0140625 0.040625
55 0.42890625 0.6375 0.01484375 0.03671875
33 0.44296875 0.63515625 0.01484375 0.0390625
35 0.45625 0.6375 0.0140625 0.03515625
29 0.4703125 0.6359375 0.015625 0.03671875
57 0.4875 0.6359375 0.01484375 0.03515625
19 0.5015625 0.634375 0.015625 0.0375
35 0.51796875 0.63359375 0.0140625 0.03515625
31 0.53359375 0.6328125 0.0140625 0.034375
55 0.5484375 0.63125 0.01484375 0.03515625
0 0.57734375 0.63046875 0.01484375 0.03359375
0 0.59140625 0.62890625 0.01328125 0.03515625
57 0.60625 0.62734375 0.0140625 0.034375
41 0.62109375 0.62578125 0.0125 0.0359375
41 0.63515625 0.625 0.0140625 0.03671875
43 0.6484375 0.62421875 0.01328125 0.0359375
0 0.3109375 0.690625 0.01640625 0.040625
0 0.3265625 0.690625 0.01328125 0.03828125
31 0.3421875 0.690625 0.0140625 0.03828125
40 0.3578125 0.69140625 0.015625 0.03828125
38 0.37265625 0.6890625 0.01328125 0.03828125
41 0.3875 0.68828125 0.01484375 0.03671875
57 0.4046875 0.68828125 0.01484375 0.03671875
19 0.42109375 0.6859375 0.015625 0.0375
42 0.4359375 0.6859375 0.01484375 0.03515625
52 0.45234375 0.68359375 0.01640625 0.0359375
0 0.4796875 0.68359375 0.0140625 0.0375
0 0.49453125 0.6828125 0.01328125 0.0359375
59 0.51171875 0.68203125 0.01328125 0.040625
54 0.52734375 0.68125 0.015625 0.0375
27 0.5421875 0.67890625 0.0125 0.0359375
41 0.55546875 0.67734375 0.0125 0.0375
45 0.57109375 0.675 0.0140625 0.0390625
45 0.5875 0.675 0.01640625 0.03984375
33 0.6015625 0.6765625 0.0140625 0.0390625
55 0.61796875 0.67421875 0.0171875 0.0375
0 0.64140625 0.66875 0.015625 0.0390625
0 0.65546875 0.66796875 0.0125 0.03671875
41 0.6703125 0.66875 0.01484375 0.03984375
45 0.68515625 0.66640625 0.0125 0.0375
55 0.69921875 0.665625 0.01328125 0.034375
46 0.71328125 0.6640625 0.015625 0.0328125