59 0.4125 0.6875 0.028125 0.0734375
19 0.43046875 0.69375 0.028125 0.071875
57 0.4484375 0.7109375 0.0296875 0.0890625
33 0.4671875 0.72109375 0.034375 0.090625
27 0.48828125 0.74296875 0.0375 0.09375
10 0.509375 0.7703125 0.0328125 0.0796875
0 0.52890625 0.78125 0.0265625 0.065625
43 0.3953125 0.67578125 0.0265625 0.078125
0 0.59140625 0.8171875 0.04375 0.103125
0 0.6203125 0.83671875 0.0453125 0.109375
57 0.65390625 0.85546875 0.0484375 0.115625
41 0.690625 0.88125 0.0546875 0.1203125
41 0.7296875 0.90625 0.0546875 0.1265625
43 0.775 0.93671875 0.0609375 0.1234375