0 0.31796875 0.22578125 0.021875 0.0390625
35 0.33515625 0.22890625 0.0203125 0.040625
41 0.35078125 0.23359375 0.021875 0.0390625
57 0.365625 0.234375 0.01875 0.0375
37 0.38125 0.2359375 0.0171875 0.0359375
19 0.396875 0.23671875 0.01875 0.0375
31 0.4125 0.2390625 0.0203125 0.0375
55 0.4296875 0.2421875 0.0203125 0.0375
55 0.44375 0.24375 0.0203125 0.0390625
46 0.45859375 0.24453125 0.01875 0.040625
15 0.47421875 0.246875 0.021875 0.0375
0 0.3140625 0.2734375 0.01875 0.0421875
43 0.3296875 0.27890625 0.01875 0.0359375
19 0.34453125 0.27890625 0.0171875 0.0375
43 0.35859375 0.28359375 0.021875 0.040625
19 0.375 0.2859375 0.0203125 0.0390625
0 0.39609375 0.2875 0.0203125 0.0390625
27 0.4125 0.28828125 0.0171875 0.0390625
41 0.4265625 0.290625 0.0234375 0.04375
43 0.4421875 0.29296875 0.0203125 0.0421875
27 0.45703125 0.2953125 0.01875 0.0390625
31 0.47421875 0.30078125 0.025 0.040625
45 0.490625 0.30234375 0.021875 0.0390625
19 0.50546875 0.3015625 0.01875 0.0390625
29 0.51953125 0.3015625 0.01875 0.0375
49 0.53515625 0.3046875 0.021875 0.040625