47 0.22578125 0.43671875 0.1109375 0.234375
57 0.3359375 0.45546875 0.1328125 0.23125
31 0.446875 0.4703125 0.1140625 0.2328125
19 0.56328125 0.48984375 0.1171875 0.2265625
55 0.671875 0.50859375 0.128125 0.2390625
55 0.7671875 0.51640625 0.121875 0.2265625
33 0.89765625 0.53515625 0.13125 0.234375
37 0.19609375 0.6890625 0.1203125 0.215625
41 0.30234375 0.709375 0.1328125 0.228125
53 0.41796875 0.728125 0.125 0.2328125
29 0.52890625 0.74375 0.125 0.2421875
31 0.63359375 0.753125 0.1234375 0.24375
53 0.75390625 0.778125 0.1359375 0.2421875