19 0.25078125 0.2859375 0.0515625 0.0625
57 0.3125 0.28203125 0.0484375 0.0484375
33 0.36015625 0.284375 0.04375 0.0484375
31 0.40078125 0.28359375 0.0375 0.0484375
37 0.446875 0.2859375 0.05 0.05
47 0.503125 0.2921875 0.0421875 0.0484375
57 0.55 0.29453125 0.0484375 0.0484375
31 0.59375 0.29375 0.040625 0.0484375
19 0.63359375 0.29453125 0.04375 0.053125
55 0.675 0.29609375 0.0375 0.046875
55 0.715625 0.296875 0.04375 0.04375
33 0.76328125 0.29921875 0.046875 0.0453125
22 0.28984375 0.3875 0.046875 0.0453125
49 0.33046875 0.38671875 0.0375 0.040625
31 0.36875 0.38984375 0.0375 0.040625
29 0.415625 0.39296875 0.046875 0.0453125
19 0.47890625 0.396875 0.040625 0.0453125
27 0.52265625 0.39921875 0.0453125 0.04375
46 0.5859375 0.39921875 0.040625 0.040625
41 0.625 0.40234375 0.040625 0.0453125
40 0.67265625 0.40234375 0.04375 0.0453125
57 0.7171875 0.4 0.0453125 0.0484375
27 0.284375 0.49453125 0.0453125 0.0453125
40 0.32890625 0.49453125 0.040625 0.0421875
59 0.3734375 0.496875 0.04375 0.04375
33 0.4140625 0.4984375 0.0421875 0.05
57 0.45625 0.5 0.0375 0.04375
59 0.4984375 0.50234375 0.0453125 0.0390625
41 0.53984375 0.50390625 0.0453125 0.0390625
22 0.584375 0.50546875 0.0390625 0.0375
33 0.621875 0.50703125 0.0375 0.040625
57 0.6640625 0.50859375 0.0453125 0.04375
16 0.71015625 0.50859375 0.04375 0.04375