47 0.62109375 0.24296875 0.009375 0.0234375
31 0.63046875 0.24375 0.009375 0.021875
27 0.63984375 0.24375 0.009375 0.021875
7 0.65 0.24375 0.009375 0.021875
33 0.65859375 0.2453125 0.0109375 0.0234375
29 0.66875 0.2453125 0.0109375 0.025
35 0.62265625 0.2859375 0.009375 0.021875
47 0.63125 0.28671875 0.009375 0.0203125
19 0.640625 0.2875 0.009375 0.0203125
35 0.65 0.2890625 0.009375 0.021875
47 0.659375 0.2890625 0.0078125 0.021875
55 0.54765625 0.346875 0.009375 0.021875
41 0.55703125 0.3484375 0.009375 0.021875
29 0.56640625 0.3484375 0.009375 0.021875
27 0.575 0.3484375 0.009375 0.0234375