0 0.27734375 0.2578125 0.01640625 0.03671875
35 0.29453125 0.2578125 0.01484375 0.03828125
41 0.3109375 0.26015625 0.01640625 0.0375
57 0.32578125 0.25859375 0.0125 0.03671875
37 0.34140625 0.2578125 0.0125 0.034375
19 0.35703125 0.25625 0.0125 0.03671875
31 0.37265625 0.25625 0.015625 0.03515625
55 0.38984375 0.25625 0.015625 0.0359375
55 0.4046875 0.25546875 0.01484375 0.03671875
46 0.41875 0.25390625 0.01328125 0.0390625
15 0.43515625 0.25390625 0.01640625 0.0359375
0 0.28125 0.30546875 0.01328125 0.03984375
43 0.296875 0.30859375 0.0140625 0.03359375
19 0.31171875 0.30625 0.01171875 0.03671875
43 0.3265625 0.30859375 0.015625 0.0390625
19 0.34296875 0.3078125 0.0140625 0.0375
0 0.3640625 0.30625 0.0140625 0.0375
27 0.38046875 0.3046875 0.01171875 0.03828125
41 0.39453125 0.3046875 0.01640625 0.04140625
43 0.41015625 0.3046875 0.01484375 0.03984375
27 0.42578125 0.3046875 0.0125 0.0375
31 0.44296875 0.30703125 0.01875 0.0375
45 0.46015625 0.30625 0.01640625 0.03671875
19 0.47421875 0.303125 0.01328125 0.03671875
29 0.48828125 0.30078125 0.01328125 0.0359375
49 0.50390625 0.3015625 0.015625 0.0390625