43 0.4203125 0.69296875 0.01953125 0.0703125
59 0.43828125 0.7015625 0.015625 0.07109375
19 0.4578125 0.71015625 0.0171875 0.06875
57 0.47890625 0.721875 0.02109375 0.07734375
33 0.49921875 0.7265625 0.0203125 0.078125
27 0.52265625 0.74296875 0.02578125 0.08828125
10 0.546875 0.75625 0.02578125 0.08515625
0 0.56796875 0.771875 0.02109375 0.0796875
0 0.63359375 0.7984375 0.03125 0.10390625
0 0.6671875 0.8171875 0.03125 0.10703125
57 0.70390625 0.828125 0.03359375 0.1140625
41 0.746875 0.84921875 0.0375 0.11875
41 0.78828125 0.87265625 0.03671875 0.12109375
43 0.8375 0.8921875 0.04453125 0.12265625