14 0.35859375 0.6484375 0.021875 0.0515625
31 0.37265625 0.646875 0.0203125 0.046875
47 0.38828125 0.64375 0.0203125 0.046875
53 0.40234375 0.6453125 0.021875 0.05
0 0.43046875 0.64296875 0.021875 0.05
0 0.44453125 0.640625 0.01875 0.05
51 0.45859375 0.6390625 0.021875 0.0515625
41 0.47421875 0.640625 0.0203125 0.05
41 0.4875 0.6421875 0.021875 0.05
37 0.503125 0.640625 0.0203125 0.0453125
0 0.53203125 0.63828125 0.021875 0.046875
0 0.546875 0.63671875 0.0203125 0.0453125
27 0.5625 0.63515625 0.021875 0.05
54 0.57734375 0.63515625 0.0203125 0.046875
56 0.5921875 0.6359375 0.021875 0.0484375
19 0.6078125 0.634375 0.0203125 0.046875
35 0.621875 0.6328125 0.021875 0.046875
33 0.63828125 0.63125 0.021875 0.0453125
0 0.6671875 0.63203125 0.0234375 0.05
0 0.6828125 0.6296875 0.021875 0.0515625
35 0.6984375 0.63046875 0.021875 0.046875
13 0.7125 0.62890625 0.0203125 0.046875
29 0.7296875 0.62734375 0.025 0.053125
0 0.36796875 0.7046875 0.0203125 0.04375
0 0.38125 0.7015625 0.0203125 0.0453125
38 0.396875 0.703125 0.0203125 0.04375
41 0.41015625 0.70234375 0.01875 0.040625
57 0.425 0.70078125 0.01875 0.0453125
31 0.43984375 0.69921875 0.021875 0.04375
53 0.45390625 0.6984375 0.01875 0.04375
33 0.46875 0.69609375 0.01875 0.040625