0 0.27421875 0.26953125 0.0140625 0.04140625
35 0.2890625 0.26953125 0.015625 0.0421875
41 0.3046875 0.27265625 0.01484375 0.03984375
57 0.3203125 0.2703125 0.0140625 0.034375
37 0.33515625 0.27109375 0.0140625 0.03515625
19 0.35078125 0.2734375 0.0140625 0.0390625
31 0.3671875 0.27109375 0.015625 0.03671875
55 0.38359375 0.26953125 0.01328125 0.0375
55 0.3984375 0.26796875 0.01796875 0.03984375
46 0.41328125 0.26640625 0.01328125 0.03984375
15 0.42890625 0.26796875 0.0140625 0.0390625
0 0.2765625 0.31953125 0.01484375 0.0375
43 0.29140625 0.32265625 0.0140625 0.034375
19 0.30703125 0.321875 0.01328125 0.03515625
43 0.321875 0.3203125 0.015625 0.0359375
19 0.33828125 0.321875 0.015625 0.0375
0 0.36015625 0.31796875 0.0125 0.034375
27 0.37578125 0.31796875 0.015625 0.03828125
41 0.38984375 0.3171875 0.0140625 0.03828125
43 0.40625 0.31484375 0.01328125 0.0390625
27 0.42109375 0.31640625 0.01640625 0.03984375
31 0.43671875 0.3171875 0.01328125 0.0359375
45 0.4515625 0.3140625 0.0140625 0.040625
19 0.46640625 0.31484375 0.01640625 0.0390625
29 0.4828125 0.3140625 0.01484375 0.03828125
49 0.49921875 0.315625 0.01328125 0.040625