0 0.38515625 0.64453125 0.0171875 0.0390625
0 0.40078125 0.64375 0.0140625 0.0375
33 0.41484375 0.64375 0.015625 0.0375
55 0.43046875 0.64375 0.0140625 0.0359375
33 0.44375 0.64140625 0.0140625 0.0359375
35 0.4578125 0.640625 0.015625 0.0390625
29 0.471875 0.6390625 0.0140625 0.0375
57 0.48828125 0.63984375 0.0125 0.0375
19 0.50390625 0.6359375 0.0140625 0.0375
35 0.52109375 0.6359375 0.0171875 0.0390625
31 0.53671875 0.63359375 0.0140625 0.0421875
55 0.55078125 0.6328125 0.0140625 0.0375
0 0.5796875 0.6296875 0.015625 0.0375
0 0.59375 0.6296875 0.0140625 0.034375
57 0.609375 0.62734375 0.0140625 0.0359375
41 0.62421875 0.62578125 0.0125 0.034375
41 0.6375 0.6265625 0.0125 0.0390625
43 0.65234375 0.625 0.0171875 0.0375
0 0.31171875 0.69609375 0.0171875 0.046875
0 0.328125 0.6953125 0.0140625 0.04375
31 0.34296875 0.69765625 0.015625 0.040625
40 0.35859375 0.69609375 0.0140625 0.0390625
38 0.3734375 0.69453125 0.0140625 0.0359375
41 0.3890625 0.69296875 0.015625 0.0390625
57 0.40546875 0.69140625 0.0171875 0.040625
19 0.421875 0.690625 0.0140625 0.040625
42 0.43671875 0.6890625 0.015625 0.0390625
52 0.453125 0.6890625 0.0140625 0.0390625
0 0.4828125 0.684375 0.0140625 0.0359375
0 0.496875 0.68359375 0.0140625 0.0375
59 0.51484375 0.6828125 0.0171875 0.034375
54 0.53046875 0.68046875 0.015625 0.0375
27 0.5453125 0.6796875 0.0140625 0.0359375
41 0.56015625 0.6796875 0.0140625 0.0375
45 0.575 0.67734375 0.0140625 0.0359375
45 0.58984375 0.67734375 0.0140625 0.0359375
33 0.60546875 0.675 0.0140625 0.0375
55 0.61953125 0.67265625 0.0140625 0.0359375
0 0.64765625 0.67109375 0.0140625 0.0359375
0 0.6609375 0.66796875 0.0125 0.0328125
41 0.675 0.6671875 0.015625 0.0375
45 0.68984375 0.6671875 0.0140625 0.0375
55 0.7046875 0.66484375 0.0140625 0.0328125
46 0.71796875 0.6625 0.015625 0.0359375