0 0.3859375 0.64453125 0.01875 0.0453125
0 0.4015625 0.64375 0.015625 0.04375
33 0.4171875 0.64453125 0.0171875 0.0421875
55 0.43203125 0.64375 0.0140625 0.0375
33 0.4453125 0.64296875 0.015625 0.034375
35 0.46015625 0.640625 0.015625 0.0375
29 0.475 0.63984375 0.015625 0.040625
57 0.490625 0.63984375 0.0140625 0.0375
19 0.50625 0.63671875 0.015625 0.0375
35 0.52265625 0.6359375 0.015625 0.0390625
31 0.5390625 0.63359375 0.015625 0.0359375
55 0.55546875 0.6328125 0.01875 0.0359375
55 0.5828125 0.62734375 0.0171875 0.0359375
55 0.596875 0.62734375 0.0140625 0.0359375
57 0.61171875 0.6265625 0.0140625 0.0359375
41 0.62734375 0.6234375 0.0140625 0.034375
41 0.64140625 0.6234375 0.0140625 0.0328125
43 0.65625 0.62109375 0.0171875 0.0359375
0 0.31328125 0.7 0.01875 0.04375
0 0.3296875 0.69921875 0.015625 0.04375
31 0.3453125 0.69765625 0.015625 0.040625
40 0.3609375 0.6984375 0.0171875 0.040625
38 0.3765625 0.69921875 0.0171875 0.0375
41 0.3921875 0.6953125 0.015625 0.0390625
57 0.40859375 0.69453125 0.01875 0.0390625
19 0.425 0.69375 0.0140625 0.0375
42 0.43828125 0.69140625 0.0171875 0.0375
52 0.45546875 0.690625 0.0171875 0.0375
0 0.48515625 0.68828125 0.0171875 0.0359375
0 0.50078125 0.68671875 0.0140625 0.034375
59 0.51796875 0.684375 0.0140625 0.0359375
54 0.5328125 0.68203125 0.0140625 0.0359375
27 0.5484375 0.68046875 0.015625 0.0375
41 0.56328125 0.67890625 0.0140625 0.0359375
45 0.57890625 0.678125 0.0140625 0.034375
45 0.59375 0.6765625 0.015625 0.0390625
33 0.60859375 0.675 0.015625 0.0359375
55 0.62421875 0.6734375 0.0171875 0.0375
0 0.65 0.66796875 0.0171875 0.0359375
0 0.66484375 0.66796875 0.0140625 0.034375
41 0.6796875 0.66484375 0.0140625 0.0375
45 0.69296875 0.6640625 0.015625 0.0375
55 0.70703125 0.6609375 0.0140625 0.0359375
46 0.721875 0.6609375 0.015625 0.0328125