22 0.040625 0.34921875 0.0421875 0.09609375
49 0.08828125 0.34765625 0.040625 0.09296875
46 0.1359375 0.3515625 0.046875 0.09140625
22 0.22890625 0.35 0.0359375 0.0890625
33 0.27578125 0.346875 0.040625 0.084375
40 0.36796875 0.35234375 0.03984375 0.09296875
27 0.41328125 0.34765625 0.04296875 0.09296875
33 0.46015625 0.35 0.03671875 0.09453125
47 0.55546875 0.346875 0.03984375 0.09140625
57 0.59921875 0.346875 0.04140625 0.090625
31 0.64296875 0.3453125 0.04140625 0.090625
19 0.6953125 0.346875 0.040625 0.0875
55 0.73828125 0.346875 0.0390625 0.09140625
55 0.78203125 0.34609375 0.04921875 0.09140625
33 0.83828125 0.3453125 0.04765625 0.0875
41 0.92578125 0.34609375 0.03984375 0.08359375
45 0.9703125 0.3453125 0.04296875 0.0875
41 0.05625 0.465625 0.0390625 0.09296875
41 0.10078125 0.465625 0.040625 0.09453125
59 0.14921875 0.4625 0.0390625 0.0890625
47 0.24453125 0.4671875 0.040625 0.084375
57 0.28828125 0.46875 0.040625 0.0875
31 0.32890625 0.465625 0.0359375 0.0859375
45 0.38203125 0.46953125 0.03984375 0.09453125
37 0.4265625 0.46875 0.04453125 0.0875
33 0.47265625 0.46796875 0.0390625 0.0890625
37 0.52109375 0.46640625 0.040625 0.09453125
59 0.61171875 0.46875 0.0453125 0.0875
31 0.6546875 0.465625 0.034375 0.0875
35 0.70625 0.46953125 0.04453125 0.0890625
39 0.75078125 0.46171875 0.04140625 0.1015625
31 0.79453125 0.465625 0.0421875 0.09140625
53 0.8390625 0.46328125 0.04609375 0.084375
19 0.8890625 0.4640625 0.040625 0.0859375
45 0.9359375 0.465625 0.04140625 0.084375
53 0.9796875 0.46875 0.0375 0.090625