0 0.38671875 0.64375 0.0203125 0.04375
0 0.40390625 0.64296875 0.015625 0.040625
33 0.41796875 0.6421875 0.015625 0.0390625
55 0.4328125 0.6421875 0.015625 0.0421875
33 0.446875 0.6390625 0.015625 0.040625
35 0.46015625 0.6390625 0.015625 0.0359375
29 0.47421875 0.63671875 0.015625 0.040625
57 0.490625 0.63828125 0.015625 0.0390625
19 0.50625 0.6359375 0.01875 0.0390625
35 0.52265625 0.6328125 0.0171875 0.0390625
31 0.53828125 0.63203125 0.0171875 0.0328125
55 0.553125 0.63046875 0.0171875 0.0390625
0 0.58203125 0.6265625 0.0171875 0.0390625
0 0.59609375 0.62734375 0.0140625 0.040625
57 0.61171875 0.625 0.015625 0.0375
41 0.6265625 0.62265625 0.015625 0.0375
41 0.63984375 0.62109375 0.0140625 0.0375
43 0.65390625 0.61953125 0.015625 0.0359375
0 0.315625 0.696875 0.0203125 0.0484375
0 0.33203125 0.6953125 0.0171875 0.0484375
31 0.3484375 0.6984375 0.0171875 0.040625
40 0.36328125 0.69609375 0.015625 0.034375
38 0.37734375 0.69609375 0.015625 0.0359375
41 0.39296875 0.69453125 0.0171875 0.0375
57 0.4109375 0.69296875 0.0171875 0.040625
19 0.42421875 0.690625 0.0140625 0.0390625
42 0.43984375 0.69140625 0.0171875 0.040625
52 0.45703125 0.6875 0.01875 0.0375
0 0.4859375 0.68671875 0.0171875 0.0328125
0 0.5015625 0.68515625 0.0140625 0.0328125
59 0.51640625 0.68125 0.015625 0.0375
54 0.53359375 0.68125 0.0171875 0.040625
27 0.55078125 0.678125 0.0171875 0.040625
41 0.56328125 0.678125 0.0125 0.0375
45 0.578125 0.67578125 0.015625 0.0328125
45 0.5921875 0.6734375 0.015625 0.0328125
33 0.60703125 0.67265625 0.015625 0.0375
55 0.62109375 0.66875 0.0140625 0.0375
0 0.64765625 0.665625 0.0171875 0.040625
0 0.6640625 0.665625 0.0140625 0.0390625
41 0.678125 0.6609375 0.015625 0.040625
45 0.69296875 0.6625 0.0140625 0.0359375
55 0.70625 0.659375 0.015625 0.0375
46 0.71953125 0.65703125 0.015625 0.0375