0 0.38046875 0.6421875 0.0171875 0.040625
0 0.39609375 0.64296875 0.015625 0.04140625
33 0.4109375 0.6421875 0.0140625 0.0359375
55 0.4265625 0.6421875 0.0140625 0.0359375
33 0.4390625 0.64140625 0.0140625 0.03515625
35 0.45390625 0.64140625 0.01484375 0.0359375
29 0.46953125 0.6390625 0.0140625 0.0390625
57 0.4859375 0.63828125 0.01484375 0.03828125
19 0.50078125 0.6359375 0.0140625 0.040625
35 0.51796875 0.6375 0.015625 0.03671875
31 0.534375 0.6359375 0.0140625 0.0359375
55 0.55 0.63515625 0.015625 0.0375
0 0.57890625 0.6328125 0.015625 0.0359375
0 0.59296875 0.63359375 0.0125 0.034375
57 0.609375 0.63046875 0.0140625 0.03515625
57 0.6234375 0.62890625 0.0125 0.03359375
57 0.63671875 0.628125 0.0140625 0.0359375
57 0.6515625 0.62734375 0.0140625 0.03515625
0 0.30625 0.6953125 0.01640625 0.04453125
0 0.321875 0.6953125 0.0140625 0.04296875
31 0.33671875 0.69609375 0.01640625 0.04140625
40 0.35390625 0.696875 0.01484375 0.04296875
38 0.36875 0.6953125 0.015625 0.0390625
41 0.384375 0.69375 0.0140625 0.03828125
57 0.40078125 0.6921875 0.01640625 0.03828125
19 0.4171875 0.69140625 0.0140625 0.0359375
42 0.43203125 0.69140625 0.015625 0.0375
52 0.45 0.68984375 0.01640625 0.0375
0 0.47890625 0.6875 0.0140625 0.03515625
0 0.49375 0.6875 0.01328125 0.034375
59 0.5109375 0.68515625 0.01328125 0.03359375
54 0.5265625 0.684375 0.0125 0.0359375
27 0.54296875 0.68203125 0.0125 0.0375
41 0.5578125 0.68203125 0.015625 0.0359375
45 0.57265625 0.68203125 0.0125 0.0359375
45 0.5875 0.68046875 0.01484375 0.034375
33 0.603125 0.6796875 0.0125 0.03515625
55 0.61796875 0.67734375 0.015625 0.03359375
0 0.64609375 0.67421875 0.0140625 0.0359375
0 0.659375 0.6734375 0.0125 0.0359375
41 0.6734375 0.67109375 0.01484375 0.034375
45 0.6890625 0.671875 0.0125 0.0359375
55 0.70390625 0.6703125 0.01328125 0.03359375
46 0.7171875 0.66875 0.0140625 0.0359375