43 0.41015625 0.68828125 0.0234375 0.071875
59 0.428125 0.6984375 0.01875 0.071875
19 0.446875 0.7078125 0.0203125 0.0703125
57 0.4671875 0.7203125 0.025 0.078125
33 0.4875 0.7265625 0.025 0.0796875
27 0.51015625 0.74375 0.0296875 0.0890625
10 0.53359375 0.75859375 0.0296875 0.0859375
0 0.55390625 0.775 0.025 0.08125
0 0.61796875 0.8046875 0.0359375 0.1046875
0 0.65 0.82578125 0.0375 0.1078125
57 0.68671875 0.83828125 0.0390625 0.115625
41 0.728125 0.86171875 0.04375 0.1203125
41 0.76875 0.8875 0.04375 0.1234375
43 0.81640625 0.909375 0.0515625 0.125