59 0.47109375 0.7046875 0.0296875 0.0734375
19 0.48984375 0.70546875 0.028125 0.071875
57 0.5125 0.7171875 0.03125 0.0890625
33 0.53359375 0.72109375 0.0359375 0.090625
27 0.559375 0.7359375 0.0390625 0.09375
10 0.58828125 0.75546875 0.034375 0.0796875
0 0.61015625 0.76015625 0.028125 0.065625
43 0.4515625 0.6984375 0.028125 0.078125
0 0.6796875 0.7765625 0.0453125 0.103125
0 0.71328125 0.78671875 0.046875 0.109375
57 0.75078125 0.79453125 0.05 0.115625
41 0.79296875 0.80859375 0.05625 0.1203125
41 0.8390625 0.82109375 0.05625 0.1265625
43 0.890625 0.8375 0.0640625 0.125