0 0.39296875 0.64765625 0.0203125 0.0453125
0 0.41015625 0.64453125 0.0171875 0.04375
33 0.4234375 0.64375 0.01875 0.040625
55 0.4375 0.64140625 0.0171875 0.04375
33 0.45078125 0.64140625 0.015625 0.0421875
35 0.4640625 0.63984375 0.01875 0.0421875
29 0.48046875 0.63671875 0.01875 0.0421875
57 0.49609375 0.63671875 0.0171875 0.040625
19 0.5109375 0.63359375 0.01875 0.0453125
35 0.528125 0.6328125 0.0171875 0.04375
31 0.54296875 0.63125 0.01875 0.040625
55 0.559375 0.62890625 0.0203125 0.040625
0 0.584375 0.625 0.01875 0.040625
0 0.6 0.621875 0.015625 0.0421875
57 0.615625 0.6203125 0.0140625 0.0390625
41 0.6296875 0.61953125 0.0171875 0.0390625
41 0.64375 0.61640625 0.0140625 0.0359375
43 0.6578125 0.61328125 0.0203125 0.0421875
0 0.325 0.703125 0.0203125 0.046875
0 0.3390625 0.7015625 0.0171875 0.046875
31 0.35546875 0.7015625 0.0171875 0.0421875
40 0.3703125 0.7 0.0171875 0.0421875
38 0.38515625 0.69921875 0.01875 0.034375
41 0.40078125 0.6984375 0.01875 0.040625
57 0.4171875 0.69453125 0.01875 0.040625
19 0.43203125 0.6953125 0.0171875 0.040625
42 0.446875 0.69375 0.0171875 0.040625
52 0.46484375 0.6890625 0.01875 0.0421875
0 0.49296875 0.684375 0.01875 0.0421875
0 0.50703125 0.68125 0.0171875 0.0421875
59 0.52421875 0.6796875 0.01875 0.0359375
54 0.5390625 0.678125 0.015625 0.0359375
27 0.55390625 0.67578125 0.01875 0.0359375
41 0.56875 0.671875 0.015625 0.0390625
45 0.584375 0.671875 0.0171875 0.0390625
45 0.5984375 0.67109375 0.0171875 0.040625
33 0.6125 0.66640625 0.015625 0.0359375
55 0.6265625 0.66640625 0.0171875 0.0375
0 0.65390625 0.66171875 0.0171875 0.0375
0 0.66875 0.6578125 0.015625 0.0359375
41 0.68125 0.65390625 0.0171875 0.0390625
45 0.69609375 0.65390625 0.01875 0.0359375
55 0.7109375 0.6515625 0.0140625 0.0375
46 0.72421875 0.64921875 0.01875 0.0359375