0 0.3859375 0.63828125 0.01640625 0.04140625
0 0.40078125 0.6390625 0.0140625 0.0421875
33 0.4140625 0.6390625 0.0140625 0.03671875
55 0.428125 0.6390625 0.01328125 0.03671875
33 0.44296875 0.63828125 0.01484375 0.04140625
35 0.45625 0.6375 0.015625 0.04140625
29 0.47109375 0.6375 0.0140625 0.0421875
57 0.48515625 0.63671875 0.0140625 0.040625
19 0.5015625 0.634375 0.01640625 0.040625
35 0.5171875 0.63359375 0.0140625 0.03828125
31 0.53359375 0.6328125 0.015625 0.03671875
55 0.54921875 0.63203125 0.0140625 0.034375
0 0.57578125 0.62734375 0.01640625 0.03515625
0 0.58984375 0.6265625 0.01171875 0.03515625
57 0.60546875 0.62578125 0.0125 0.0359375
41 0.6203125 0.625 0.01328125 0.03984375
41 0.63359375 0.625 0.0125 0.0375
43 0.64765625 0.6234375 0.0171875 0.03984375
0 0.3125 0.68984375 0.015625 0.04296875
0 0.328125 0.69140625 0.01328125 0.03984375
31 0.34296875 0.68984375 0.015625 0.040625
40 0.35859375 0.690625 0.015625 0.04140625
38 0.37265625 0.6890625 0.0140625 0.03515625
41 0.38828125 0.68828125 0.01484375 0.0375
57 0.40390625 0.68671875 0.015625 0.0375
19 0.41953125 0.68671875 0.01328125 0.0390625
42 0.43515625 0.684375 0.0140625 0.04140625
52 0.45234375 0.684375 0.0171875 0.04140625
0 0.4796875 0.68046875 0.015625 0.040625
0 0.49453125 0.67890625 0.0125 0.03671875
59 0.51171875 0.6796875 0.0140625 0.03515625
54 0.5265625 0.67890625 0.01484375 0.03515625
27 0.54296875 0.6765625 0.015625 0.0390625
41 0.55625 0.6765625 0.0125 0.034375
45 0.5703125 0.675 0.0140625 0.03828125
45 0.58515625 0.67734375 0.01484375 0.0421875
33 0.60078125 0.6734375 0.0125 0.03515625
55 0.615625 0.671875 0.01796875 0.0328125
0 0.6421875 0.67109375 0.0140625 0.0328125
0 0.65546875 0.66953125 0.01328125 0.0328125
41 0.6703125 0.66796875 0.0140625 0.0359375
45 0.68359375 0.66484375 0.01171875 0.040625
55 0.69765625 0.66484375 0.0140625 0.03828125
46 0.7109375 0.6640625 0.0140625 0.03515625