0 0.27421875 0.26796875 0.0140625 0.0375
35 0.2890625 0.26796875 0.0140625 0.0375
41 0.3046875 0.26796875 0.0125 0.0359375
57 0.32109375 0.2671875 0.015625 0.0359375
37 0.33515625 0.2671875 0.0140625 0.0359375
19 0.3515625 0.2671875 0.0140625 0.0390625
31 0.3671875 0.26640625 0.0140625 0.0359375
55 0.3828125 0.2640625 0.015625 0.0328125
55 0.39921875 0.265625 0.015625 0.034375
46 0.41484375 0.265625 0.0140625 0.0359375
15 0.42890625 0.26484375 0.0125 0.0359375
0 0.2765625 0.31484375 0.0125 0.0375
43 0.290625 0.3171875 0.0125 0.034375
19 0.30703125 0.3171875 0.0125 0.0328125
43 0.321875 0.31640625 0.0140625 0.0375
19 0.3375 0.31640625 0.0125 0.0359375
0 0.36015625 0.3140625 0.0125 0.0359375
27 0.375 0.3140625 0.0125 0.0359375
41 0.38984375 0.31484375 0.0140625 0.0359375
43 0.4046875 0.31484375 0.0140625 0.0359375
27 0.4203125 0.315625 0.0140625 0.0375
31 0.43671875 0.315625 0.0140625 0.0359375
45 0.45234375 0.31484375 0.0140625 0.0390625
19 0.46796875 0.31484375 0.015625 0.0375
29 0.48359375 0.31328125 0.015625 0.040625
49 0.49921875 0.31328125 0.0140625 0.040625