14 0.32890625 0.60859375 0.0171875 0.0421875
31 0.34296875 0.609375 0.015625 0.040625
47 0.35703125 0.6109375 0.01875 0.040625
53 0.371875 0.61484375 0.0171875 0.0421875
0 0.3984375 0.62265625 0.0171875 0.04375
0 0.41328125 0.62421875 0.015625 0.0453125
51 0.42734375 0.62734375 0.0171875 0.0421875
41 0.44140625 0.6296875 0.0171875 0.046875
41 0.45625 0.6328125 0.0171875 0.0484375
37 0.47109375 0.63671875 0.0171875 0.0453125
0 0.4984375 0.64140625 0.0171875 0.046875
0 0.5140625 0.64453125 0.0171875 0.046875
27 0.52890625 0.64921875 0.01875 0.046875
54 0.54296875 0.6515625 0.015625 0.0453125
56 0.5578125 0.6546875 0.015625 0.04375
19 0.571875 0.65625 0.01875 0.046875
35 0.58828125 0.659375 0.0171875 0.0421875
33 0.6015625 0.66171875 0.01875 0.046875
0 0.6328125 0.6703125 0.0171875 0.0453125
0 0.646875 0.671875 0.0171875 0.0453125
35 0.6625 0.67578125 0.01875 0.046875
13 0.67734375 0.6796875 0.0171875 0.046875
29 0.69375 0.68203125 0.0203125 0.0515625
0 0.32265625 0.66640625 0.0171875 0.0421875
0 0.33828125 0.665625 0.0171875 0.04375
38 0.3515625 0.66875 0.01875 0.0484375
41 0.365625 0.67265625 0.0171875 0.046875
57 0.38046875 0.675 0.0171875 0.046875
31 0.39453125 0.678125 0.0171875 0.0453125
53 0.4078125 0.68125 0.0171875 0.04375
33 0.42265625 0.684375 0.01875 0.04375