14 0.33046875 0.6140625 0.0203125 0.046875
31 0.3453125 0.61484375 0.0140625 0.04375
47 0.359375 0.615625 0.01875 0.05
53 0.375 0.62109375 0.01875 0.046875
0 0.40234375 0.62421875 0.01875 0.0515625
0 0.4171875 0.62578125 0.015625 0.05
51 0.43046875 0.63046875 0.015625 0.0453125
41 0.44453125 0.634375 0.0171875 0.0421875
41 0.46015625 0.6359375 0.0171875 0.046875
37 0.475 0.63828125 0.0171875 0.0453125
0 0.503125 0.64375 0.0171875 0.0453125
0 0.51796875 0.64375 0.0171875 0.046875
27 0.53203125 0.64609375 0.0171875 0.05
54 0.54609375 0.653125 0.01875 0.046875
56 0.56171875 0.65390625 0.015625 0.0453125
19 0.5765625 0.65625 0.0171875 0.0484375
35 0.59140625 0.659375 0.01875 0.05
33 0.60859375 0.6609375 0.01875 0.046875
0 0.6359375 0.6671875 0.021875 0.0546875
0 0.65078125 0.66796875 0.0171875 0.0515625
35 0.66484375 0.671875 0.01875 0.0484375
13 0.68125 0.6734375 0.0203125 0.05
29 0.69765625 0.6796875 0.01875 0.046875
0 0.3265625 0.66875 0.0171875 0.046875
0 0.3421875 0.6703125 0.015625 0.046875
38 0.35625 0.675 0.01875 0.05
41 0.37109375 0.67734375 0.0171875 0.046875
57 0.3859375 0.67734375 0.01875 0.05
57 0.4 0.6796875 0.015625 0.0453125
53 0.4125 0.68671875 0.0171875 0.046875
33 0.428125 0.6875 0.0171875 0.04375