43 0.446875 0.69921875 0.0265625 0.065625
59 0.4671875 0.70625 0.028125 0.071875
19 0.48828125 0.71328125 0.0265625 0.0703125
57 0.509375 0.72265625 0.03125 0.0765625
33 0.53203125 0.728125 0.0296875 0.0796875
27 0.55625 0.7359375 0.034375 0.0859375
10 0.58359375 0.746875 0.0359375 0.0984375
0 0.60546875 0.75625 0.0328125 0.0875
0 0.6765625 0.7828125 0.0421875 0.0984375
0 0.709375 0.79453125 0.0421875 0.0953125
57 0.75 0.803125 0.0484375 0.103125
41 0.79375 0.81875 0.0515625 0.1140625
41 0.8375 0.83046875 0.05625 0.125
43 0.890625 0.8390625 0.0640625 0.128125