19 0.19609375 0.14453125 0.040625 0.090625
49 0.25078125 0.1453125 0.0375 0.084375
41 0.2828125 0.14609375 0.0328125 0.084375
45 0.30859375 0.15234375 0.03125 0.0765625
41 0.33671875 0.15390625 0.03125 0.0796875
40 0.36796875 0.15390625 0.03125 0.075
57 0.39609375 0.15546875 0.0296875 0.0703125
29 0.45234375 0.16328125 0.03125 0.0703125
49 0.48125 0.1640625 0.03125 0.0734375
33 0.5109375 0.1671875 0.03125 0.071875
59 0.56640625 0.175 0.03125 0.06875
55 0.59609375 0.178125 0.0328125 0.0734375
31 0.62421875 0.17890625 0.028125 0.06875
35 0.65 0.18359375 0.028125 0.06875
33 0.678125 0.1859375 0.03125 0.065625
19 0.7296875 0.18984375 0.0359375 0.075
45 0.7609375 0.19140625 0.034375 0.078125
46 0.8109375 0.1984375 0.03125 0.0671875
41 0.83671875 0.20234375 0.028125 0.065625
40 0.86484375 0.2046875 0.03125 0.078125
22 0.28359375 0.3296875 0.0328125 0.0703125
49 0.3125 0.32890625 0.0296875 0.0703125
33 0.34140625 0.3328125 0.0296875 0.065625
57 0.36953125 0.3359375 0.0328125 0.0765625
33 0.39921875 0.3390625 0.03125 0.075
27 0.45546875 0.34296875 0.0328125 0.078125
59 0.48515625 0.34453125 0.03125 0.075
19 0.515625 0.3484375 0.028125 0.0734375
57 0.54140625 0.35234375 0.0296875 0.071875
19 0.56953125 0.35234375 0.03125 0.0734375
29 0.6 0.3515625 0.03125 0.0703125
55 0.653125 0.3609375 0.0328125 0.0765625
19 0.68203125 0.365625 0.03125 0.075
56 0.70859375 0.3640625 0.0265625 0.06875
33 0.734375 0.3703125 0.0328125 0.0734375
27 0.7625 0.36953125 0.0296875 0.075
19 0.17109375 0.50546875 0.0375 0.090625
49 0.2265625 0.51015625 0.0359375 0.0859375
41 0.25703125 0.51171875 0.03125 0.075
45 0.2875 0.51328125 0.0296875 0.0734375
41 0.315625 0.515625 0.0328125 0.0703125
40 0.34609375 0.51640625 0.034375 0.0828125
57 0.37421875 0.51640625 0.028125 0.0796875
29 0.43125 0.521875 0.0328125 0.078125
49 0.46015625 0.5234375 0.0328125 0.0796875
33 0.4890625 0.52421875 0.0328125 0.078125
59 0.54453125 0.5265625 0.028125 0.0734375
55 0.57265625 0.52890625 0.03125 0.071875
31 0.59921875 0.52890625 0.0328125 0.075
35 0.62734375 0.534375 0.0296875 0.06875
33 0.65546875 0.53515625 0.028125 0.0671875
19 0.7078125 0.5421875 0.0328125 0.08125
45 0.7359375 0.54296875 0.0328125 0.0828125
46 0.7890625 0.5484375 0.03125 0.0703125
41 0.815625 0.5484375 0.0296875 0.06875
40 0.84140625 0.553125 0.0296875 0.071875
22 0.15703125 0.68359375 0.03125 0.0796875
49 0.1890625 0.68671875 0.034375 0.075
19 0.21875 0.6890625 0.0296875 0.0734375
35 0.24609375 0.6890625 0.0328125 0.075
49 0.27421875 0.690625 0.03125 0.0703125
19 0.334375 0.69609375 0.028125 0.078125
27 0.36328125 0.69609375 0.0328125 0.078125
41 0.41953125 0.69765625 0.03125 0.0734375
51 0.44921875 0.6984375 0.0328125 0.0734375
55 0.5046875 0.7046875 0.03125 0.065625
41 0.53203125 0.70546875 0.0296875 0.0625
56 0.56015625 0.70859375 0.028125 0.065625
33 0.58671875 0.71015625 0.03125 0.065625
41 0.64375 0.71171875 0.0328125 0.0671875
51 0.671875 0.7109375 0.0265625 0.0640625
29 0.72578125 0.715625 0.03125 0.075
57 0.7515625 0.71484375 0.028125 0.071875
40 0.778125 0.71640625 0.03125 0.075
29 0.80703125 0.7171875 0.03125 0.075
49 0.8328125 0.71796875 0.03125 0.0796875
41 0.2078125 0.86328125 0.0328125 0.075
51 0.23671875 0.86875 0.0296875 0.0671875
55 0.29375 0.871875 0.034375 0.0734375
19 0.3234375 0.87109375 0.028125 0.071875
53 0.35078125 0.87734375 0.0296875 0.06875
49 0.38203125 0.88046875 0.034375 0.0734375
29 0.41171875 0.88046875 0.03125 0.071875
31 0.4671875 0.88359375 0.0328125 0.0765625
45 0.49609375 0.8859375 0.0328125 0.0765625
37 0.5234375 0.8875 0.0328125 0.0765625
41 0.57734375 0.88828125 0.0328125 0.0796875
51 0.60390625 0.890625 0.0296875 0.0765625
59 0.6609375 0.88984375 0.0328125 0.0703125
33 0.6890625 0.89140625 0.0296875 0.06875
31 0.715625 0.8921875 0.028125 0.0703125
35 0.74140625 0.8953125 0.0296875 0.06875
33 0.76953125 0.896875 0.034375 0.0703125