43 0.41328125 0.68671875 0.01875 0.065625
59 0.43203125 0.6984375 0.0203125 0.0671875
19 0.45 0.70625 0.01875 0.0640625
57 0.46875 0.71875 0.0203125 0.0734375
33 0.49140625 0.73125 0.021875 0.078125
27 0.515625 0.746875 0.025 0.0796875
10 0.540625 0.76328125 0.0265625 0.0828125
0 0.56015625 0.77734375 0.021875 0.0765625
0 0.625 0.8140625 0.0296875 0.0921875
0 0.65859375 0.83125 0.0296875 0.0875
57 0.6953125 0.83984375 0.034375 0.10625
41 0.73515625 0.8640625 0.0375 0.1046875
41 0.77734375 0.88984375 0.0390625 0.1140625
43 0.828125 0.90859375 0.0484375 0.121875