27 0.2953125 0.62734375 0.06875 0.125
39 0.34453125 0.6140625 0.059375 0.1203125
41 0.3890625 0.57578125 0.0609375 0.1109375
59 0.43359375 0.546875 0.0625 0.109375
21 0.484375 0.5109375 0.0609375 0.10625
33 0.53046875 0.49140625 0.0625 0.1109375
21 0.6234375 0.43515625 0.0640625 0.115625
31 0.6703125 0.4203125 0.059375 0.109375
42 0.71796875 0.38671875 0.065625 0.1078125
42 0.76875 0.36953125 0.06875 0.1109375
51 0.4078125 0.7109375 0.065625 0.1171875
33 0.45703125 0.690625 0.059375 0.10625
27 0.50390625 0.6515625 0.0625 0.1109375
29 0.55625 0.63203125 0.059375 0.121875
19 0.6 0.59609375 0.0578125 0.1140625
56 0.6484375 0.5796875 0.0625 0.1078125
31 0.68984375 0.553125 0.059375 0.121875
55 0.7421875 0.51328125 0.0765625 0.125