0 0.2515625 0.29453125 0.01875 0.0421875
35 0.26640625 0.29296875 0.0203125 0.04375
41 0.28203125 0.29453125 0.01875 0.040625
57 0.29765625 0.290625 0.0171875 0.0359375
37 0.3125 0.28984375 0.0171875 0.0359375
19 0.328125 0.290625 0.01875 0.040625
31 0.34375 0.2859375 0.01875 0.0375
55 0.36015625 0.2828125 0.0171875 0.0390625
55 0.375 0.2796875 0.021875 0.0421875
46 0.3890625 0.2765625 0.0171875 0.040625
15 0.4046875 0.2765625 0.01875 0.040625
0 0.25859375 0.34375 0.01875 0.0390625
43 0.27421875 0.3453125 0.0171875 0.0359375
19 0.28984375 0.34296875 0.0171875 0.0359375
43 0.30390625 0.33984375 0.01875 0.0375
19 0.3203125 0.33984375 0.01875 0.0390625
0 0.3421875 0.33359375 0.015625 0.0359375
27 0.3578125 0.33203125 0.0203125 0.0390625
41 0.37109375 0.3296875 0.01875 0.0390625
43 0.3875 0.32578125 0.0171875 0.040625
27 0.40234375 0.32578125 0.0203125 0.040625
31 0.41796875 0.325 0.0171875 0.0375
45 0.43203125 0.3203125 0.01875 0.0421875
19 0.446875 0.31953125 0.0203125 0.040625
29 0.46328125 0.3171875 0.01875 0.0390625
49 0.4796875 0.31640625 0.0171875 0.0421875