0 0.39375 0.64765625 0.0203125 0.040625
0 0.409375 0.64609375 0.0171875 0.0421875
33 0.4234375 0.6453125 0.01875 0.0390625
55 0.4390625 0.64375 0.0171875 0.04375
33 0.45234375 0.64140625 0.0171875 0.0390625
35 0.465625 0.640625 0.015625 0.0390625
29 0.4796875 0.63828125 0.0171875 0.0359375
57 0.4953125 0.6375 0.0171875 0.0390625
19 0.5109375 0.63359375 0.0171875 0.0390625
35 0.528125 0.63125 0.0171875 0.0390625
31 0.54296875 0.63125 0.0171875 0.0375
55 0.55859375 0.62734375 0.0171875 0.034375
0 0.58515625 0.625 0.01875 0.034375
0 0.6 0.62265625 0.0125 0.0328125
57 0.61484375 0.61875 0.0140625 0.034375
41 0.6296875 0.61796875 0.0140625 0.0359375
41 0.6421875 0.615625 0.015625 0.0375
43 0.65625 0.61484375 0.01875 0.0375
0 0.32421875 0.7046875 0.021875 0.040625
0 0.33984375 0.703125 0.0171875 0.0421875
31 0.35625 0.70234375 0.0171875 0.0390625
40 0.3703125 0.6984375 0.01875 0.0390625
38 0.38515625 0.69765625 0.0171875 0.034375
41 0.4 0.696875 0.0171875 0.0375
57 0.41796875 0.69375 0.01875 0.0390625
19 0.43203125 0.69375 0.0171875 0.0421875
42 0.44765625 0.690625 0.015625 0.040625
52 0.46484375 0.6875 0.0203125 0.0359375
0 0.4921875 0.68359375 0.01875 0.040625
0 0.50703125 0.68359375 0.015625 0.040625
59 0.52265625 0.68203125 0.01875 0.040625
54 0.53984375 0.6765625 0.0171875 0.0375
27 0.5546875 0.6765625 0.0171875 0.040625
41 0.5703125 0.67421875 0.0171875 0.040625
45 0.5828125 0.67109375 0.0171875 0.0375
45 0.59921875 0.67109375 0.0171875 0.040625
33 0.61328125 0.66875 0.015625 0.040625
55 0.628125 0.66484375 0.01875 0.0375
0 0.65234375 0.65859375 0.0203125 0.0390625
0 0.6671875 0.65703125 0.015625 0.0359375
41 0.68125 0.65546875 0.0171875 0.0375
45 0.69609375 0.65234375 0.0140625 0.034375
55 0.71015625 0.65234375 0.015625 0.0375
46 0.7234375 0.64921875 0.0171875 0.034375