0 0.40625 0.65859375 0.0234375 0.040625
0 0.421875 0.65625 0.0203125 0.0390625
33 0.4359375 0.65390625 0.0203125 0.0390625
55 0.4515625 0.6515625 0.01875 0.0375
33 0.4640625 0.6484375 0.01875 0.0375
35 0.478125 0.6453125 0.0203125 0.040625
29 0.49140625 0.64140625 0.0203125 0.0390625
57 0.5078125 0.640625 0.01875 0.0375
19 0.52265625 0.634375 0.0203125 0.0390625
35 0.53984375 0.63125 0.021875 0.040625
31 0.5546875 0.62734375 0.0203125 0.04375
55 0.56875 0.62421875 0.01875 0.0390625
0 0.596875 0.6171875 0.0203125 0.0390625
0 0.6109375 0.615625 0.01875 0.0359375
57 0.62578125 0.6109375 0.01875 0.0375
41 0.640625 0.6078125 0.0171875 0.034375
41 0.65390625 0.60625 0.01875 0.040625
43 0.66796875 0.60234375 0.021875 0.0390625
0 0.34140625 0.7203125 0.0234375 0.0484375
0 0.35703125 0.7171875 0.0203125 0.0453125
31 0.371875 0.7171875 0.021875 0.0421875
40 0.3875 0.7140625 0.0203125 0.040625
38 0.40234375 0.71015625 0.01875 0.0375
41 0.4171875 0.70625 0.0203125 0.040625
57 0.43359375 0.703125 0.021875 0.0421875
19 0.44921875 0.69921875 0.0203125 0.0421875
42 0.4640625 0.69609375 0.021875 0.040625
52 0.4796875 0.69375 0.0203125 0.040625
0 0.50859375 0.68515625 0.01875 0.0375
0 0.52265625 0.68203125 0.0203125 0.0390625
59 0.53984375 0.67890625 0.021875 0.0359375
54 0.55546875 0.675 0.0203125 0.0390625
27 0.56953125 0.671875 0.01875 0.0375
41 0.584375 0.66953125 0.0203125 0.0390625
45 0.59921875 0.665625 0.01875 0.0375
45 0.61328125 0.66328125 0.01875 0.0375
33 0.62890625 0.65859375 0.0203125 0.0390625
55 0.6421875 0.6546875 0.01875 0.0375
0 0.66953125 0.6484375 0.01875 0.0375
0 0.6828125 0.64453125 0.0171875 0.034375
41 0.69609375 0.64140625 0.0203125 0.0390625
45 0.7109375 0.6390625 0.0203125 0.0390625
55 0.72578125 0.63515625 0.01875 0.034375
46 0.73828125 0.63046875 0.0203125 0.0375