0 0.4421875 0.3484375 0.0546875 0.090625
22 0.49140625 0.340625 0.053125 0.0859375
46 0.53984375 0.33125 0.0546875 0.090625
31 0.590625 0.32109375 0.0546875 0.0984375
29 0.63984375 0.3078125 0.0609375 0.1
29 0.69765625 0.29375 0.0546875 0.096875
0 0.453125 0.46796875 0.0484375 0.0828125
41 0.4984375 0.46640625 0.0515625 0.0859375
22 0.546875 0.46484375 0.0484375 0.0875
33 0.59375 0.46328125 0.05625 0.0890625
45 0.64921875 0.46328125 0.05625 0.0984375
0 0.425 0.5796875 0.053125 0.0953125
35 0.4734375 0.58828125 0.0546875 0.09375
31 0.52109375 0.59921875 0.053125 0.0984375
43 0.56953125 0.60703125 0.05625 0.1
33 0.61953125 0.61875 0.0609375 0.1109375
57 0.66953125 0.62734375 0.0578125 0.0984375
41 0.72734375 0.64140625 0.0578125 0.109375
45 0.7890625 0.65234375 0.065625 0.1140625