43 0.41953125 0.6921875 0.015625 0.06640625
59 0.4375 0.7015625 0.015625 0.06484375
19 0.45703125 0.71171875 0.01875 0.0640625
57 0.478125 0.72265625 0.02109375 0.07421875
33 0.5 0.7296875 0.01875 0.078125
27 0.5234375 0.7453125 0.0234375 0.0828125
10 0.54921875 0.7625 0.021875 0.0828125
0 0.56875 0.771875 0.01953125 0.08125
0 0.634375 0.80390625 0.02890625 0.09609375
0 0.66953125 0.825 0.028125 0.08984375
57 0.709375 0.83515625 0.03203125 0.1
41 0.74921875 0.85625 0.0328125 0.10703125
41 0.79375 0.87890625 0.034375 0.12109375
43 0.84453125 0.8984375 0.046875 0.11796875