27 0.33984375 0.2890625 0.05078125 0.0515625
39 0.39453125 0.2859375 0.04921875 0.04765625
41 0.45546875 0.2875 0.0453125 0.0453125
59 0.5140625 0.2859375 0.04609375 0.04453125
21 0.575 0.284375 0.0453125 0.04609375
33 0.63125 0.28359375 0.04453125 0.04453125
21 0.4 0.3640625 0.04765625 0.04765625
31 0.45625 0.3640625 0.0515625 0.04609375
42 0.51328125 0.3640625 0.04765625 0.0453125
42 0.57109375 0.36171875 0.0453125 0.0453125
51 0.29453125 0.43984375 0.0484375 0.04765625
33 0.353125 0.43984375 0.0453125 0.04765625
27 0.40859375 0.4390625 0.0484375 0.05078125
29 0.46875 0.4390625 0.04453125 0.0484375
19 0.52734375 0.440625 0.0453125 0.05
56 0.584375 0.43984375 0.04453125 0.0453125
31 0.64296875 0.4390625 0.0453125 0.04296875
55 0.69453125 0.43828125 0.03984375 0.046875