43 0.43359375 0.6984375 0.025 0.071875
59 0.45234375 0.70546875 0.0203125 0.071875
19 0.47265625 0.7125 0.021875 0.0703125
57 0.49453125 0.72265625 0.0265625 0.078125
33 0.51484375 0.72578125 0.025 0.0796875
27 0.53984375 0.740625 0.03125 0.090625
10 0.56484375 0.75234375 0.03125 0.0875
0 0.58671875 0.76640625 0.0265625 0.08125
0 0.65390625 0.78828125 0.0390625 0.10625
0 0.6890625 0.8046875 0.0390625 0.109375
57 0.7265625 0.81328125 0.0421875 0.115625
41 0.7703125 0.83125 0.0453125 0.1203125
41 0.81328125 0.8515625 0.0453125 0.1234375
43 0.8640625 0.86796875 0.053125 0.125