0 0.2703125 0.271875 0.0140625 0.0375
35 0.28515625 0.271875 0.0140625 0.0375
41 0.30078125 0.27109375 0.0125 0.0359375
57 0.3171875 0.2703125 0.01484375 0.03515625
37 0.33125 0.2703125 0.0140625 0.0359375
19 0.34765625 0.26953125 0.0140625 0.03828125
31 0.36328125 0.26875 0.0140625 0.03515625
55 0.37890625 0.26640625 0.01484375 0.0328125
55 0.3953125 0.2671875 0.015625 0.03359375
46 0.4109375 0.2671875 0.01328125 0.03515625
15 0.425 0.26640625 0.0125 0.03515625
0 0.2734375 0.31875 0.0125 0.0375
43 0.2875 0.32109375 0.0125 0.034375
19 0.30390625 0.3203125 0.0125 0.0328125
43 0.31875 0.31953125 0.01328125 0.0375
19 0.334375 0.31953125 0.0125 0.0359375
0 0.35703125 0.31640625 0.0125 0.0359375
27 0.371875 0.31640625 0.0125 0.0359375
41 0.38671875 0.31640625 0.01328125 0.03515625
43 0.4015625 0.31640625 0.01328125 0.0359375
27 0.4171875 0.3171875 0.0140625 0.0375
31 0.43359375 0.31640625 0.01328125 0.0359375
45 0.44921875 0.315625 0.01328125 0.03828125
19 0.46484375 0.315625 0.01484375 0.0375
29 0.48046875 0.31328125 0.01484375 0.040625
49 0.49609375 0.31328125 0.0140625 0.040625