11 0.02890625 0.1515625 0.0578125 0.1625
53 0.13046875 0.134375 0.0671875 0.1296875
57 0.1859375 0.128125 0.0609375 0.1328125
33 0.23515625 0.1203125 0.05625 0.134375
31 0.2796875 0.115625 0.0578125 0.1296875
29 0.33203125 0.1078125 0.0671875 0.13125
43 0.43203125 0.09375 0.0671875 0.128125
31 0.48359375 0.08828125 0.05625 0.125
45 0.5328125 0.071875 0.059375 0.1234375
19 0.63515625 0.065625 0.0578125 0.128125
27 0.6890625 0.0640625 0.0625 0.128125
41 0.7828125 0.05390625 0.0625 0.1078125
45 0.83359375 0.05078125 0.0609375 0.1015625
33 0.88515625 0.0453125 0.0609375 0.090625
22 0.05 0.2890625 0.0609375 0.1234375
49 0.09765625 0.28203125 0.05625 0.1171875
41 0.14765625 0.27578125 0.065625 0.11875
49 0.25 0.259375 0.0609375 0.1234375
31 0.30078125 0.2546875 0.059375 0.121875
27 0.35 0.24609375 0.0609375 0.1234375
45 0.45546875 0.2375 0.0578125 0.1296875
41 0.5 0.23125 0.0609375 0.1296875
29 0.5484375 0.22421875 0.0625 0.1328125
55 0.65390625 0.2109375 0.05625 0.128125
41 0.70078125 0.20390625 0.0609375 0.1296875
27 0.75078125 0.1984375 0.0671875 0.13125
29 0.80234375 0.19140625 0.0625 0.1328125
49 0.06953125 0.42421875 0.059375 0.134375
19 0.115625 0.41796875 0.0609375 0.134375
27 0.1640625 0.41171875 0.0625 0.134375
35 0.26953125 0.40546875 0.059375 0.13125
49 0.3171875 0.4015625 0.0640625 0.1265625
19 0.36640625 0.39296875 0.0609375 0.1265625
55 0.41640625 0.38984375 0.0640625 0.128125
37 0.4734375 0.38203125 0.0578125 0.128125
7 0.51953125 0.37421875 0.0609375 0.134375
27 0.571875 0.37109375 0.0703125 0.1375
49 0.6734375 0.3546875 0.0609375 0.1296875
33 0.7203125 0.3484375 0.0609375 0.1296875
31 0.76875 0.34296875 0.0609375 0.128125
57 0.8234375 0.33515625 0.0671875 0.1328125
29 0.87421875 0.32734375 0.0640625 0.1375
18 0.925 0.3203125 0.0640625 0.1390625
26 0.10390625 0.721875 0.0625 0.1359375
43 0.153125 0.715625 0.0640625 0.1359375
33 0.20234375 0.709375 0.065625 0.1359375
45 0.253125 0.70234375 0.0625 0.134375
35 0.303125 0.69609375 0.065625 0.1234375
19 0.35234375 0.69140625 0.0625 0.1359375
40 0.40625 0.68359375 0.0703125 0.140625
27 0.4578125 0.6765625 0.0671875 0.1421875
26 0.5078125 0.66953125 0.0609375 0.140625