59 0.03515625 0.4484375 0.0234375 0.06328125
33 0.0640625 0.44609375 0.02421875 0.05625
57 0.0921875 0.44140625 0.02421875 0.0546875
27 0.1203125 0.43125 0.021875 0.0546875
33 0.14765625 0.43125 0.02421875 0.05703125
56 0.17734375 0.42265625 0.025 0.06015625
33 0.2 0.42421875 0.0234375 0.0515625
57 0.22421875 0.415625 0.021875 0.0515625
31 0.246875 0.4203125 0.01640625 0.04921875
45 0.27109375 0.41875 0.0234375 0.04921875
35 0.29609375 0.4171875 0.0203125 0.04921875
33 0.32265625 0.415625 0.0265625 0.05625
35 0.4203125 0.42734375 0.0234375 0.0546875
41 0.45 0.43125 0.02890625 0.06015625
40 0.478125 0.425 0.02578125 0.0640625
57 0.5015625 0.41953125 0.021875 0.06171875
31 0.525 0.4140625 0.021875 0.06953125
53 0.55390625 0.415625 0.02578125 0.0546875
33 0.58125 0.40859375 0.028125 0.07578125
55 0.6625 0.45859375 0.03203125 0.06953125
19 0.69453125 0.4546875 0.02578125 0.07265625
51 0.721875 0.4453125 0.021875 0.06328125
33 0.74921875 0.45 0.0296875 0.0671875
21 0.2859375 0.58828125 0.03125 0.0765625
40 0.31875 0.584375 0.028125 0.06171875
27 0.34765625 0.575 0.02421875 0.078125
29 0.37890625 0.56875 0.03046875 0.0671875
19 0.40625 0.559375 0.02265625 0.05859375
35 0.434375 0.56015625 0.02578125 0.05703125
33 0.46328125 0.5625 0.03203125 0.065625