43 0.4015625 0.33359375 0.0359375 0.059375
19 0.43671875 0.3328125 0.028125 0.059375
57 0.4703125 0.328125 0.0328125 0.053125
31 0.5015625 0.33046875 0.0265625 0.05
35 0.53828125 0.325 0.0375 0.0515625
55 0.5734375 0.32578125 0.0328125 0.0484375
33 0.60625 0.325 0.0328125 0.05
22 0.42421875 0.38515625 0.0328125 0.0484375
41 0.453125 0.38359375 0.034375 0.053125
57 0.4875 0.38203125 0.0375 0.053125
39 0.52265625 0.37890625 0.0328125 0.0609375
33 0.55859375 0.38125 0.0359375 0.053125
57 0.59609375 0.37734375 0.0359375 0.053125