22 0.215625 0.28046875 0.03828125 0.2
49 0.2484375 0.2828125 0.0265625 0.1828125
19 0.27890625 0.284375 0.03125 0.19140625
35 0.3109375 0.2859375 0.0296875 0.1828125
49 0.34140625 0.28984375 0.03125 0.196875
19 0.3953125 0.28984375 0.0296875 0.196875
27 0.42734375 0.2890625 0.03203125 0.19453125
41 0.47421875 0.3 0.02890625 0.17734375
51 0.503125 0.3015625 0.0265625 0.16875
55 0.55078125 0.30546875 0.025 0.16640625
41 0.575 0.3015625 0.02265625 0.16328125
56 0.6 0.3140625 0.02421875 0.1546875
33 0.62421875 0.30390625 0.021875 0.15234375
41 0.6671875 0.31015625 0.025 0.16875
51 0.69140625 0.30390625 0.02421875 0.16328125
29 0.73046875 0.315625 0.01953125 0.1578125
57 0.75078125 0.3109375 0.02109375 0.1546875
40 0.771875 0.31796875 0.02109375 0.1578125
29 0.79296875 0.3109375 0.01875 0.1546875
49 0.8140625 0.3109375 0.02265625 0.1546875
41 0.278125 0.7734375 0.03046875 0.2
51 0.3125 0.775 0.03046875 0.19140625
55 0.36875 0.76484375 0.02734375 0.1828125
19 0.39765625 0.76328125 0.025 0.175
53 0.425 0.76484375 0.028125 0.1890625
49 0.45078125 0.75625 0.02421875 0.1828125
29 0.478125 0.75390625 0.028125 0.1828125
31 0.52578125 0.759375 0.0234375 0.1890625
45 0.55234375 0.75078125 0.025 0.17734375
37 0.5765625 0.74375 0.02421875 0.175
41 0.6203125 0.7390625 0.025 0.171875
51 0.64765625 0.7390625 0.025 0.171875
59 0.68984375 0.7296875 0.025 0.18046875
33 0.7109375 0.73203125 0.02265625 0.16875
31 0.73125 0.73671875 0.01875 0.1828125
35 0.7515625 0.73515625 0.021875 0.16328125
33 0.77265625 0.7296875 0.02265625 0.16328125