43 0.40859375 0.68203125 0.0203125 0.0671875
59 0.42578125 0.68984375 0.0234375 0.0703125
19 0.44453125 0.7 0.021875 0.06875
57 0.46328125 0.71484375 0.021875 0.0796875
33 0.4828125 0.72734375 0.0265625 0.0796875
27 0.50625 0.7421875 0.028125 0.084375
10 0.52890625 0.75703125 0.028125 0.0859375
0 0.5484375 0.76953125 0.025 0.08125
0 0.609375 0.803125 0.0421875 0.10625
0 0.64296875 0.81484375 0.040625 0.11875
57 0.67890625 0.83671875 0.0421875 0.1109375
41 0.71796875 0.8671875 0.04375 0.1140625
41 0.75859375 0.88671875 0.0484375 0.1140625
43 0.80625 0.9109375 0.053125 0.128125