0 0.25390625 0.28125 0.0125 0.03984375
35 0.26796875 0.28046875 0.0125 0.0390625
41 0.28359375 0.28125 0.01484375 0.03984375
57 0.29921875 0.27890625 0.01328125 0.0359375
37 0.31484375 0.2796875 0.01484375 0.0375
19 0.33046875 0.2796875 0.0140625 0.03828125
31 0.3453125 0.27890625 0.0125 0.034375
55 0.3625 0.27734375 0.01484375 0.0328125
55 0.378125 0.27578125 0.0140625 0.0359375
46 0.39296875 0.27421875 0.01171875 0.03359375
15 0.40859375 0.275 0.01484375 0.03671875
0 0.25546875 0.33125 0.0140625 0.0375
43 0.2703125 0.33125 0.01328125 0.0359375
19 0.28671875 0.33203125 0.0140625 0.0390625
43 0.30234375 0.33046875 0.01171875 0.0359375
19 0.3171875 0.33046875 0.01484375 0.03984375
0 0.3390625 0.3265625 0.01328125 0.03359375
27 0.35390625 0.3265625 0.01328125 0.03671875
41 0.36875 0.3265625 0.0140625 0.0359375
43 0.384375 0.325 0.0140625 0.0375
27 0.4 0.32421875 0.01328125 0.0421875
31 0.41484375 0.32578125 0.0140625 0.034375
45 0.43046875 0.32421875 0.01484375 0.03671875
19 0.446875 0.3234375 0.0125 0.0390625
29 0.46171875 0.32265625 0.0140625 0.03828125
49 0.47734375 0.321875 0.01328125 0.03984375