22 0.25703125 0.6328125 0.0375 0.06640625
19 0.290625 0.63203125 0.02578125 0.059375
45 0.325 0.62421875 0.02734375 0.0609375
39 0.3703125 0.60859375 0.040625 0.06640625
27 0.64921875 0.44765625 0.028125 0.05703125
43 0.6859375 0.459375 0.028125 0.06484375
19 0.71875 0.465625 0.02578125 0.06953125
55 0.75234375 0.46875 0.028125 0.0625
33 0.78828125 0.47421875 0.028125 0.0640625
35 0.5390625 0.9234375 0.02890625 0.05234375
55 0.571875 0.9234375 0.02890625 0.05546875
31 0.61015625 0.92265625 0.034375 0.05390625
59 0.64609375 0.91796875 0.03046875 0.05546875