0 0.38203125 0.63984375 0.01875 0.04375
0 0.39921875 0.63984375 0.0140625 0.040625
33 0.41328125 0.6390625 0.01484375 0.0390625
55 0.428125 0.63984375 0.0140625 0.04140625
33 0.4421875 0.6375 0.01484375 0.03984375
35 0.45546875 0.6375 0.0140625 0.03515625
29 0.46953125 0.6359375 0.01484375 0.03984375
57 0.4859375 0.6375 0.0140625 0.0390625
19 0.5015625 0.6359375 0.0171875 0.0390625
35 0.51796875 0.63359375 0.015625 0.03828125
31 0.53359375 0.63359375 0.015625 0.0328125
55 0.5484375 0.63203125 0.01640625 0.0390625
0 0.57734375 0.6296875 0.015625 0.03828125
0 0.59140625 0.63046875 0.01328125 0.040625
57 0.60703125 0.62890625 0.01484375 0.03671875
41 0.621875 0.62734375 0.0140625 0.03671875
41 0.63515625 0.62578125 0.0125 0.0375
43 0.65 0.625 0.0140625 0.0359375
0 0.30859375 0.690625 0.01796875 0.0484375
0 0.325 0.6890625 0.01484375 0.04765625
31 0.34140625 0.69296875 0.015625 0.03984375
40 0.35625 0.69140625 0.0140625 0.034375
38 0.3703125 0.69140625 0.0140625 0.0359375
41 0.3859375 0.690625 0.015625 0.0375
57 0.40390625 0.68984375 0.01640625 0.03984375
19 0.41796875 0.6875 0.01328125 0.03828125
42 0.43359375 0.6890625 0.015625 0.040625
52 0.45078125 0.6859375 0.01796875 0.0375
0 0.4796875 0.6859375 0.015625 0.0328125
0 0.4953125 0.68515625 0.0125 0.0328125
59 0.51015625 0.68203125 0.01484375 0.0375
54 0.52734375 0.68203125 0.01640625 0.03984375
27 0.54453125 0.6796875 0.015625 0.03984375
41 0.55703125 0.68046875 0.0109375 0.0375
45 0.571875 0.678125 0.0140625 0.0328125
45 0.5859375 0.6765625 0.0140625 0.0328125
33 0.60078125 0.6765625 0.0140625 0.0375
55 0.61484375 0.67265625 0.0125 0.03671875
0 0.6421875 0.6703125 0.01640625 0.040625
0 0.6578125 0.67109375 0.01328125 0.03828125
41 0.67265625 0.6671875 0.0140625 0.03984375
45 0.6875 0.66953125 0.01328125 0.03515625
55 0.70078125 0.66640625 0.0140625 0.0375
46 0.7140625 0.66484375 0.01484375 0.03671875