5 0.22890625 0.4234375 0.1015625 0.14375
35 0.31640625 0.409375 0.1015625 0.14375
29 0.4375 0.38125 0.1015625 0.146875
19 0.51796875 0.3671875 0.0921875 0.14375
43 0.603125 0.35625 0.0875 0.134375
31 0.68984375 0.34765625 0.0953125 0.1453125
43 0.33203125 0.53828125 0.0921875 0.1265625
33 0.41796875 0.52265625 0.0953125 0.13125
39 0.50625 0.5109375 0.103125 0.1375
39 0.59140625 0.5 0.0953125 0.1359375
31 0.68125 0.48125 0.103125 0.1328125
55 0.2609375 0.68046875 0.09375 0.1265625
41 0.35546875 0.6671875 0.09375 0.1296875
40 0.43671875 0.6515625 0.1 0.134375
57 0.52265625 0.63828125 0.09375 0.1296875
37 0.60703125 0.63046875 0.1 0.140625
33 0.69140625 0.615625 0.096875 0.134375
27 0.77421875 0.596875 0.1078125 0.153125