43 0.41953125 0.68984375 0.01796875 0.06328125
59 0.4390625 0.7 0.01796875 0.0703125
19 0.45859375 0.709375 0.0171875 0.06796875
57 0.478125 0.721875 0.0203125 0.075
33 0.5 0.73046875 0.01875 0.07734375
27 0.52265625 0.74140625 0.0234375 0.0828125
10 0.5484375 0.75625 0.0234375 0.09609375
0 0.56875 0.76875 0.02109375 0.08515625
0 0.63515625 0.8046875 0.0296875 0.09453125
0 0.66640625 0.82109375 0.03046875 0.09140625
57 0.70546875 0.83515625 0.03515625 0.0984375
41 0.746875 0.85625 0.0359375 0.11015625
41 0.78828125 0.87421875 0.0390625 0.12109375
43 0.83984375 0.88984375 0.04765625 0.12265625