27 0.234375 0.3171875 0.0890625 0.11796875
19 0.32109375 0.3140625 0.08359375 0.1109375
44 0.41171875 0.31640625 0.0828125 0.1234375
29 0.50625 0.31484375 0.08828125 0.11640625
46 0.596875 0.31953125 0.078125 0.11328125
29 0.2296875 0.44140625 0.07890625 0.10703125
49 0.32421875 0.4390625 0.0765625 0.115625
57 0.41796875 0.440625 0.08125 0.11484375
33 0.509375 0.44375 0.08046875 0.11640625
33 0.59453125 0.43671875 0.090625 0.12734375
51 0.23203125 0.5625 0.0703125 0.11640625
33 0.32265625 0.565625 0.07734375 0.11015625
55 0.4171875 0.5671875 0.07578125 0.1171875
29 0.5046875 0.56484375 0.07578125 0.1140625
35 0.2390625 0.69296875 0.08046875 0.115625
19 0.32421875 0.6953125 0.07265625 0.10703125
57 0.4078125 0.69296875 0.078125 0.115625
35 0.5015625 0.69765625 0.08203125 0.10703125
55 0.59296875 0.6890625 0.07890625 0.1203125
33 0.68671875 0.7 0.08359375 0.11171875
27 0.77734375 0.69609375 0.0765625 0.121875