0 0.3875 0.65 0.01875 0.0453125
0 0.403125 0.65 0.015625 0.040625
33 0.41796875 0.64765625 0.01875 0.04375
55 0.43359375 0.64609375 0.015625 0.040625
33 0.44765625 0.64609375 0.015625 0.0359375
35 0.46171875 0.6421875 0.015625 0.0375
29 0.4765625 0.6421875 0.015625 0.0390625
57 0.49375 0.640625 0.015625 0.040625
19 0.509375 0.6390625 0.0171875 0.0390625
35 0.52578125 0.6375 0.0171875 0.0375
31 0.5421875 0.6359375 0.015625 0.0390625
55 0.5578125 0.634375 0.0171875 0.0390625
0 0.5859375 0.6296875 0.0171875 0.0375
0 0.60078125 0.6265625 0.015625 0.0375
57 0.61640625 0.625 0.015625 0.0375
41 0.63203125 0.6234375 0.015625 0.0375
41 0.64453125 0.62265625 0.015625 0.040625
0 0.315625 0.70703125 0.0171875 0.04375
0 0.33125 0.7046875 0.0171875 0.0453125
31 0.34765625 0.70625 0.0171875 0.0390625
40 0.36328125 0.70625 0.01875 0.0421875
38 0.37890625 0.703125 0.015625 0.0375
41 0.39296875 0.70234375 0.0171875 0.0390625
57 0.41015625 0.69921875 0.0171875 0.0375
19 0.4265625 0.69609375 0.0171875 0.040625
42 0.4421875 0.69453125 0.0171875 0.0390625
52 0.459375 0.69296875 0.01875 0.040625
0 0.48828125 0.6890625 0.01875 0.0359375
0 0.50546875 0.68828125 0.0171875 0.0359375
59 0.521875 0.6875 0.0171875 0.0390625
54 0.5359375 0.68515625 0.0171875 0.0375
27 0.55234375 0.6828125 0.0171875 0.0390625
41 0.56796875 0.68046875 0.0171875 0.0375
45 0.58203125 0.6796875 0.0171875 0.040625
45 0.5984375 0.67734375 0.0171875 0.0390625
33 0.6125 0.675 0.0171875 0.0375
55 0.62890625 0.67265625 0.0171875 0.0375
0 0.65546875 0.66875 0.0171875 0.034375
0 0.66953125 0.66640625 0.015625 0.034375
41 0.68515625 0.66484375 0.015625 0.0359375
45 0.7 0.6625 0.015625 0.0359375
55 0.7140625 0.659375 0.0125 0.034375
46 0.72734375 0.65859375 0.015625 0.034375