0 0.3828125 0.63984375 0.01796875 0.04375
0 0.4 0.63828125 0.01484375 0.04296875
33 0.41328125 0.63828125 0.015625 0.0390625
55 0.428125 0.63671875 0.0140625 0.04296875
33 0.44140625 0.6375 0.01328125 0.04140625
35 0.4546875 0.63671875 0.015625 0.040625
29 0.47109375 0.63515625 0.015625 0.040625
57 0.48671875 0.6359375 0.0140625 0.0390625
19 0.5015625 0.634375 0.01640625 0.04453125
35 0.51875 0.634375 0.0140625 0.0421875
31 0.53359375 0.63359375 0.015625 0.0390625
55 0.55 0.6328125 0.01796875 0.03984375
0 0.57578125 0.63046875 0.015625 0.03984375
0 0.59140625 0.62890625 0.01328125 0.040625
57 0.60703125 0.628125 0.01171875 0.03828125
41 0.62109375 0.628125 0.0140625 0.03828125
41 0.63515625 0.62578125 0.01171875 0.03515625
43 0.64921875 0.62421875 0.01796875 0.04140625
0 0.3109375 0.690625 0.0171875 0.04609375
0 0.32578125 0.68984375 0.01328125 0.0453125
31 0.34140625 0.690625 0.01484375 0.04140625
40 0.35703125 0.690625 0.01484375 0.040625
38 0.371875 0.690625 0.01640625 0.03359375
41 0.3875 0.69140625 0.015625 0.0390625
57 0.40390625 0.68828125 0.01640625 0.03984375
19 0.41875 0.68984375 0.0140625 0.0390625
42 0.43359375 0.68984375 0.01484375 0.0390625
52 0.4515625 0.6859375 0.01640625 0.040625
0 0.48046875 0.68359375 0.01640625 0.04140625
0 0.49453125 0.68125 0.0140625 0.040625
59 0.51171875 0.68125 0.01640625 0.03515625
54 0.5265625 0.68046875 0.0125 0.034375
27 0.54140625 0.67890625 0.015625 0.03515625
41 0.55625 0.6765625 0.01328125 0.0375
45 0.571875 0.67734375 0.01484375 0.0375
45 0.5859375 0.67734375 0.0140625 0.0390625
33 0.60078125 0.67421875 0.01328125 0.034375
55 0.61484375 0.675 0.0140625 0.03671875
0 0.6421875 0.671875 0.0140625 0.03671875
0 0.65703125 0.66953125 0.01328125 0.03515625
41 0.6703125 0.66640625 0.01484375 0.03828125
45 0.68515625 0.6671875 0.01640625 0.034375
55 0.7 0.665625 0.0109375 0.03671875
46 0.71328125 0.66484375 0.015625 0.03515625