27 0.26953125 0.5703125 0.0671875 0.125
39 0.3203125 0.5703125 0.0578125 0.11875
41 0.3734375 0.54453125 0.059375 0.1109375
59 0.4234375 0.528125 0.0609375 0.1078125
21 0.48203125 0.50625 0.059375 0.1046875
33 0.53125 0.5 0.059375 0.109375
21 0.6359375 0.46953125 0.0609375 0.115625
31 0.68515625 0.4671875 0.05625 0.109375
42 0.73984375 0.446875 0.0640625 0.1078125
42 0.79375 0.44375 0.0671875 0.109375
51 0.35703125 0.6796875 0.0640625 0.1171875
33 0.409375 0.6734375 0.0578125 0.10625
27 0.46484375 0.64765625 0.059375 0.1109375
29 0.5203125 0.6421875 0.0578125 0.121875
19 0.571875 0.61875 0.05625 0.1140625
56 0.62265625 0.61484375 0.0609375 0.10625
31 0.66953125 0.6 0.05625 0.1203125
55 0.73046875 0.57578125 0.0734375 0.1234375