47 0.603125 0.23515625 0.0078125 0.0234375
31 0.6125 0.23515625 0.00859375 0.021875
27 0.621875 0.234375 0.00859375 0.021875
7 0.63203125 0.23359375 0.0078125 0.021875
33 0.640625 0.23515625 0.00859375 0.0234375
29 0.65078125 0.234375 0.00859375 0.02421875
35 0.6078125 0.278125 0.0078125 0.021875
47 0.61640625 0.278125 0.0078125 0.0203125
19 0.62578125 0.278125 0.0078125 0.01953125
35 0.63515625 0.27890625 0.0078125 0.02109375
47 0.64453125 0.278125 0.00703125 0.02109375
55 0.53671875 0.34375 0.00859375 0.021875
41 0.54609375 0.34453125 0.0078125 0.021875
29 0.55546875 0.34453125 0.00859375 0.021875
27 0.5640625 0.34375 0.0078125 0.0234375