43 0.19765625 0.5515625 0.03046875 0.05703125
31 0.228125 0.55 0.02734375 0.05546875
39 0.2609375 0.54921875 0.03203125 0.05546875
33 0.29375 0.5484375 0.03046875 0.05703125
27 0.33984375 0.54921875 0.03203125 0.05703125
41 0.3734375 0.5484375 0.03046875 0.05390625
43 0.40703125 0.54921875 0.0296875 0.05625
33 0.4375 0.54921875 0.02890625 0.05390625
41 0.46875 0.54921875 0.0265625 0.05234375
45 0.49921875 0.54765625 0.02890625 0.05625
33 0.53125 0.54921875 0.03125 0.05703125
27 0.58125 0.54921875 0.03046875 0.06171875
43 0.61328125 0.55078125 0.02890625 0.05625
19 0.64609375 0.55 0.03046875 0.0609375
55 0.678125 0.54765625 0.02890625 0.053125
33 0.7109375 0.55 0.0328125 0.06328125