0 0.28671875 0.6546875 0.021875 0.053125
0 0.3 0.65625 0.021875 0.0515625
31 0.315625 0.66015625 0.0234375 0.0484375
40 0.33125 0.6640625 0.0203125 0.046875
38 0.34375 0.66484375 0.021875 0.04375
41 0.36015625 0.66796875 0.0203125 0.04375
57 0.37578125 0.66953125 0.021875 0.04375
19 0.3921875 0.6703125 0.021875 0.04375
42 0.4078125 0.67265625 0.021875 0.04375
52 0.42421875 0.67578125 0.021875 0.0421875
0 0.45234375 0.67578125 0.0203125 0.0390625
0 0.46640625 0.67734375 0.01875 0.0390625
59 0.48359375 0.6796875 0.0203125 0.040625
54 0.49921875 0.68203125 0.0203125 0.040625
27 0.51484375 0.6828125 0.021875 0.0421875
41 0.528125 0.68359375 0.0171875 0.0375
45 0.54140625 0.684375 0.0203125 0.040625
45 0.55703125 0.6875 0.01875 0.0421875
33 0.57109375 0.68984375 0.021875 0.0453125
55 0.5859375 0.6875 0.0203125 0.0390625
0 0.6125 0.68828125 0.0203125 0.0390625
0 0.62734375 0.6890625 0.0171875 0.0375
41 0.6421875 0.690625 0.01875 0.0375
45 0.65546875 0.6921875 0.0171875 0.0375
55 0.66953125 0.6921875 0.01875 0.0375
46 0.6828125 0.69453125 0.0203125 0.0390625
0 0.365625 0.61796875 0.021875 0.0421875
0 0.38046875 0.621875 0.0171875 0.0390625
33 0.39375 0.62265625 0.01875 0.0390625
55 0.40859375 0.6234375 0.01875 0.0390625
33 0.421875 0.625 0.01875 0.0375
35 0.4359375 0.62890625 0.01875 0.0375
29 0.4484375 0.63046875 0.01875 0.0375
57 0.465625 0.62890625 0.0203125 0.0375
19 0.48203125 0.63046875 0.0171875 0.0375
35 0.49765625 0.63359375 0.0203125 0.0359375
31 0.5125 0.6359375 0.0203125 0.0390625
55 0.528125 0.6375 0.0203125 0.0375
0 0.5546875 0.63828125 0.01875 0.0359375
0 0.56953125 0.640625 0.01875 0.0375
57 0.584375 0.64140625 0.0171875 0.034375
41 0.5984375 0.64296875 0.0171875 0.0375
41 0.6125 0.64296875 0.0171875 0.0375
43 0.62578125 0.64453125 0.01875 0.0359375