0 0.38125 0.63984375 0.01953125 0.04609375
0 0.39921875 0.63984375 0.01484375 0.04296875
33 0.41328125 0.6375 0.01328125 0.0390625
55 0.428125 0.640625 0.01328125 0.0359375
33 0.4421875 0.63984375 0.0140625 0.0375
35 0.45625 0.63984375 0.015625 0.0375
29 0.471875 0.6375 0.01484375 0.03828125
57 0.4859375 0.6375 0.01484375 0.03671875
19 0.50078125 0.634375 0.0140625 0.0359375
35 0.51796875 0.63515625 0.01484375 0.03359375
31 0.53359375 0.634375 0.015625 0.03359375
55 0.5484375 0.6328125 0.01484375 0.03515625
0 0.5765625 0.62890625 0.015625 0.0359375
0 0.5921875 0.628125 0.0140625 0.0359375
57 0.60703125 0.628125 0.01484375 0.03828125
41 0.621875 0.62734375 0.0140625 0.03984375
41 0.63515625 0.62578125 0.01328125 0.0390625
43 0.65078125 0.62578125 0.015625 0.0375
0 0.30859375 0.69296875 0.01875 0.04609375
0 0.32578125 0.69140625 0.015625 0.04765625
31 0.340625 0.69140625 0.01484375 0.03984375
40 0.35546875 0.69296875 0.015625 0.0390625
38 0.3703125 0.69140625 0.0140625 0.03671875
41 0.3859375 0.69140625 0.01640625 0.03671875
57 0.40234375 0.68984375 0.01796875 0.040625
19 0.41875 0.6890625 0.015625 0.0375
42 0.434375 0.6890625 0.015625 0.03359375
52 0.45078125 0.6875 0.0171875 0.0359375
0 0.47890625 0.684375 0.0171875 0.03984375
0 0.49375 0.6828125 0.015625 0.040625
59 0.51171875 0.68203125 0.0140625 0.03671875
54 0.5265625 0.68125 0.015625 0.03515625
27 0.54296875 0.68203125 0.015625 0.0375
41 0.55703125 0.67890625 0.01328125 0.03515625
45 0.57109375 0.67890625 0.01484375 0.03828125
45 0.58671875 0.67890625 0.01328125 0.03671875
33 0.6015625 0.6765625 0.015625 0.0375
55 0.6171875 0.67421875 0.0140625 0.03359375
0 0.6421875 0.67109375 0.0171875 0.0359375
0 0.6578125 0.66953125 0.01328125 0.0359375
41 0.67265625 0.66953125 0.0140625 0.0390625
45 0.6875 0.66796875 0.0140625 0.03828125
55 0.70234375 0.6671875 0.0125 0.03671875
46 0.7140625 0.6671875 0.0125 0.03359375