43 0.4 0.68046875 0.025 0.0640625
59 0.41875 0.6921875 0.025 0.071875
19 0.43671875 0.70390625 0.0234375 0.06875
57 0.4546875 0.71875 0.028125 0.0765625
33 0.47578125 0.72890625 0.0265625 0.078125
27 0.49765625 0.7421875 0.03125 0.084375
10 0.52109375 0.76015625 0.0328125 0.0984375
0 0.540625 0.77421875 0.0296875 0.0875
0 0.60234375 0.8171875 0.0390625 0.096875
0 0.63203125 0.83671875 0.040625 0.09375
57 0.66953125 0.8546875 0.0453125 0.1015625
41 0.70859375 0.88046875 0.046875 0.1140625
41 0.74765625 0.90234375 0.0515625 0.125
43 0.796875 0.9234375 0.0609375 0.1265625