14 0.34921875 0.640625 0.01484375 0.046875
31 0.36328125 0.64140625 0.01328125 0.04296875
47 0.37734375 0.64140625 0.01328125 0.04296875
53 0.39140625 0.64375 0.01484375 0.04296875
0 0.41953125 0.6484375 0.0125 0.04140625
0 0.434375 0.65 0.01328125 0.0421875
51 0.44921875 0.6515625 0.01328125 0.04140625
41 0.4625 0.65390625 0.0125 0.0453125
41 0.47734375 0.6546875 0.0140625 0.046875
37 0.49296875 0.65546875 0.01484375 0.040625
0 0.521875 0.65859375 0.0140625 0.04609375
0 0.5375 0.65859375 0.01328125 0.0484375
27 0.55078125 0.6609375 0.0125 0.04765625
54 0.5671875 0.665625 0.01484375 0.046875
56 0.58203125 0.6671875 0.0140625 0.04375
19 0.596875 0.66640625 0.0140625 0.0453125
35 0.61171875 0.6703125 0.0140625 0.0453125
33 0.62734375 0.6703125 0.01484375 0.04296875
0 0.65625 0.6734375 0.015625 0.046875
0 0.67109375 0.67265625 0.0140625 0.04921875
35 0.6859375 0.67734375 0.01484375 0.04375
13 0.70234375 0.68046875 0.015625 0.04765625
29 0.71796875 0.68046875 0.01484375 0.04921875
0 0.3484375 0.69765625 0.0140625 0.04375
0 0.3625 0.6984375 0.0140625 0.04453125
38 0.378125 0.70078125 0.0125 0.0421875
41 0.39140625 0.70234375 0.0125 0.04453125
57 0.40625 0.703125 0.01328125 0.046875
31 0.42109375 0.7046875 0.01328125 0.04609375
53 0.43515625 0.70625 0.01328125 0.0453125
33 0.44921875 0.70859375 0.0125 0.04453125