14 0.35703125 0.646875 0.0171875 0.046875
31 0.371875 0.64609375 0.015625 0.0421875
47 0.38671875 0.6484375 0.0171875 0.0453125
53 0.40234375 0.6484375 0.0171875 0.0421875
0 0.428125 0.64921875 0.0171875 0.0453125
0 0.44296875 0.64921875 0.0171875 0.046875
51 0.45859375 0.65078125 0.0171875 0.046875
41 0.4734375 0.653125 0.01875 0.0484375
41 0.48828125 0.65546875 0.0171875 0.046875
37 0.503125 0.653125 0.0171875 0.0453125
0 0.53125 0.6515625 0.01875 0.0484375
0 0.546875 0.653125 0.0171875 0.05
27 0.5609375 0.6546875 0.01875 0.0484375
54 0.5765625 0.65703125 0.015625 0.0484375
56 0.590625 0.6578125 0.0171875 0.0484375
19 0.60546875 0.65703125 0.0171875 0.0484375
35 0.62109375 0.6578125 0.0171875 0.0453125
33 0.63671875 0.65703125 0.01875 0.05
0 0.6671875 0.65703125 0.0171875 0.053125
0 0.68203125 0.65703125 0.0171875 0.053125
35 0.69765625 0.6609375 0.0171875 0.0515625
13 0.71328125 0.66171875 0.0171875 0.05
29 0.728125 0.6625 0.01875 0.05
0 0.36171875 0.70390625 0.0171875 0.04375
0 0.37578125 0.7046875 0.015625 0.0421875
38 0.38984375 0.70390625 0.01875 0.046875
41 0.4046875 0.7046875 0.0140625 0.04375
57 0.41953125 0.7046875 0.0171875 0.0453125
31 0.434375 0.7046875 0.0171875 0.046875
53 0.44765625 0.70703125 0.015625 0.04375
33 0.46171875 0.7078125 0.015625 0.0453125