22 0.38828125 0.42421875 0.075 0.1171875
41 0.45859375 0.40234375 0.0796875 0.125
57 0.52734375 0.39140625 0.0734375 0.109375
39 0.6 0.36875 0.0703125 0.1125
49 0.39609375 0.55625 0.071875 0.1171875
41 0.47421875 0.5421875 0.06875 0.1171875
40 0.55546875 0.5203125 0.0890625 0.1328125
27 0.6265625 0.50703125 0.0734375 0.1296875
33 0.6984375 0.48515625 0.0875 0.125
41 0.4046875 0.73046875 0.0796875 0.153125
51 0.48203125 0.69609375 0.0765625 0.1296875
51 0.56015625 0.67578125 0.08125 0.1296875
19 0.64921875 0.646875 0.071875 0.1171875
35 0.7265625 0.6265625 0.0765625 0.1203125
33 0.8125 0.6171875 0.090625 0.13125