0 0.26640625 0.6171875 0.028125 0.0390625
45 0.2890625 0.6109375 0.0265625 0.0421875
41 0.3140625 0.60546875 0.028125 0.0390625
31 0.33828125 0.59765625 0.0265625 0.0359375
49 0.36171875 0.59296875 0.028125 0.040625
3 0.40390625 0.58046875 0.03125 0.0390625
60 0.43125 0.57421875 0.034375 0.0375
0 0.4703125 0.56015625 0.0265625 0.0375
27 0.49609375 0.55390625 0.03125 0.0390625
19 0.5203125 0.54921875 0.028125 0.040625
43 0.54375 0.54296875 0.028125 0.0375
41 0.56640625 0.53515625 0.028125 0.0375
45 0.59140625 0.52578125 0.0328125 0.04375