0 0.0953125 0.60703125 0.0375 0.075
49 0.12578125 0.60234375 0.0375 0.0765625
33 0.15703125 0.596875 0.04375 0.0703125
22 0.221875 0.59375 0.0453125 0.0796875
53 0.28125 0.584375 0.0390625 0.08125
36 0.340625 0.5703125 0.0390625 0.0828125
41 0.3703125 0.5671875 0.04375 0.0796875
59 0.40625 0.5625 0.0390625 0.0765625
59 0.4390625 0.5625 0.0390625 0.071875
12 0.47265625 0.55625 0.046875 0.0796875
62 0.53046875 0.54921875 0.04375 0.078125
28 0.5953125 0.53984375 0.040625 0.0828125
51 0.6515625 0.5296875 0.04375 0.075
41 0.684375 0.52578125 0.0421875 0.08125
41 0.71796875 0.521875 0.0421875 0.08125
37 0.7515625 0.51171875 0.04375 0.0796875
55 0.8125 0.50390625 0.040625 0.0828125
31 0.84375 0.5015625 0.0390625 0.0828125
29 0.87578125 0.49765625 0.0421875 0.075
54 0.909375 0.49609375 0.0390625 0.084375
18 0.94375 0.48984375 0.0390625 0.078125