0 0.31328125 0.6859375 0.01484375 0.05078125
0 0.32734375 0.6859375 0.0140625 0.04921875
31 0.34296875 0.68671875 0.015625 0.046875
40 0.35859375 0.68828125 0.0125 0.04609375
38 0.371875 0.6875 0.01484375 0.04140625
41 0.38828125 0.6875 0.0140625 0.04140625
57 0.40390625 0.68671875 0.01484375 0.04140625
19 0.4203125 0.68515625 0.01484375 0.0421875
42 0.4359375 0.68515625 0.01484375 0.04140625
52 0.45234375 0.68515625 0.015625 0.040625
0 0.48046875 0.68125 0.01484375 0.03671875
0 0.49453125 0.68046875 0.01328125 0.0375
59 0.51171875 0.6796875 0.01484375 0.0390625
54 0.52734375 0.6796875 0.01484375 0.0390625
27 0.54296875 0.678125 0.01640625 0.03984375
41 0.55625 0.67734375 0.01171875 0.03671875
45 0.56953125 0.67578125 0.01484375 0.0390625
45 0.5859375 0.6765625 0.01328125 0.040625
33 0.6 0.6765625 0.01484375 0.04296875
55 0.6140625 0.671875 0.01484375 0.0375
0 0.640625 0.66796875 0.01484375 0.03671875
0 0.65546875 0.66640625 0.01171875 0.03671875
41 0.6703125 0.66640625 0.01328125 0.0359375
45 0.68359375 0.665625 0.01171875 0.03671875
55 0.69765625 0.66328125 0.01328125 0.03515625
46 0.7109375 0.66328125 0.0140625 0.0375
0 0.3859375 0.6375 0.01640625 0.03984375
0 0.40078125 0.6390625 0.01171875 0.03828125
33 0.4140625 0.6375 0.01328125 0.0375
55 0.42890625 0.6359375 0.01328125 0.03671875
33 0.4421875 0.6359375 0.0140625 0.03515625
35 0.45703125 0.6375 0.0140625 0.0359375
29 0.46953125 0.63671875 0.01328125 0.0359375
57 0.4859375 0.6328125 0.01484375 0.0359375
19 0.50234375 0.63203125 0.0125 0.0359375
35 0.51875 0.63203125 0.01484375 0.03359375
31 0.53359375 0.63203125 0.0140625 0.03671875
55 0.54921875 0.63125 0.01484375 0.03515625
0 0.57578125 0.628125 0.0140625 0.03359375
0 0.590625 0.628125 0.01328125 0.0359375
57 0.60546875 0.6265625 0.0125 0.03359375
41 0.61953125 0.62578125 0.01171875 0.03671875
41 0.63359375 0.6234375 0.0125 0.0359375
43 0.646875 0.6234375 0.0140625 0.034375