0 0.41015625 0.65703125 0.0234375 0.0453125
0 0.42578125 0.65546875 0.0203125 0.04375
33 0.440625 0.65234375 0.021875 0.040625
55 0.4546875 0.6484375 0.0203125 0.04375
33 0.4671875 0.64765625 0.0203125 0.0421875
35 0.48046875 0.64296875 0.0203125 0.04375
29 0.4953125 0.640625 0.021875 0.04375
57 0.51015625 0.63671875 0.0203125 0.0421875
19 0.52421875 0.63359375 0.021875 0.0421875
35 0.54140625 0.628125 0.021875 0.04375
31 0.55625 0.62734375 0.0203125 0.040625
55 0.57109375 0.62109375 0.021875 0.04375
0 0.59765625 0.615625 0.021875 0.0359375
0 0.61171875 0.61015625 0.01875 0.0375
57 0.62578125 0.60625 0.01875 0.0359375
41 0.640625 0.603125 0.01875 0.0390625
41 0.65390625 0.6 0.01875 0.0375
43 0.66640625 0.596875 0.021875 0.0390625
0 0.34765625 0.7203125 0.0234375 0.0453125
0 0.36328125 0.71875 0.0203125 0.040625
31 0.37890625 0.715625 0.0203125 0.040625
40 0.3921875 0.7109375 0.0203125 0.0421875
38 0.40703125 0.70859375 0.021875 0.0390625
41 0.421875 0.70390625 0.0203125 0.040625
57 0.4390625 0.7015625 0.021875 0.040625
19 0.453125 0.696875 0.01875 0.0375
42 0.46796875 0.6953125 0.0203125 0.0390625
52 0.484375 0.68984375 0.0234375 0.0390625
0 0.51171875 0.68359375 0.0203125 0.040625
0 0.525 0.6796875 0.0203125 0.0375
59 0.5421875 0.67578125 0.0234375 0.040625
54 0.55703125 0.671875 0.0171875 0.0359375
27 0.571875 0.6671875 0.021875 0.0375
41 0.5859375 0.6671875 0.0203125 0.040625
45 0.6 0.66171875 0.01875 0.0390625
45 0.615625 0.659375 0.0203125 0.0390625
33 0.62890625 0.65625 0.0203125 0.04375
55 0.64375 0.65 0.0203125 0.0421875
0 0.66875 0.640625 0.021875 0.0421875
0 0.68125 0.63671875 0.01875 0.0421875
41 0.69609375 0.634375 0.021875 0.04375
45 0.71015625 0.63125 0.01875 0.0375
55 0.725 0.628125 0.01875 0.0359375
46 0.73828125 0.62578125 0.021875 0.040625