22 0.03125 0.38125 0.0484375 0.0984375
49 0.07890625 0.3765625 0.046875 0.0953125
46 0.1265625 0.37734375 0.053125 0.09375
22 0.21875 0.36953125 0.0421875 0.090625
33 0.265625 0.3625 0.046875 0.0875
40 0.3578125 0.36171875 0.046875 0.0953125
27 0.403125 0.35390625 0.05 0.0953125
33 0.45 0.353125 0.04375 0.096875
47 0.54453125 0.34375 0.046875 0.09375
57 0.58828125 0.340625 0.046875 0.09375
31 0.63203125 0.3359375 0.046875 0.09375
19 0.684375 0.33359375 0.046875 0.090625
55 0.72734375 0.33046875 0.0453125 0.09375
55 0.7703125 0.3265625 0.05625 0.0953125
33 0.8265625 0.321875 0.053125 0.090625
41 0.9140625 0.31640625 0.0453125 0.0859375
45 0.95859375 0.3125 0.0484375 0.090625
41 0.0546875 0.496875 0.0453125 0.0953125
41 0.09921875 0.49375 0.046875 0.096875
59 0.14765625 0.48671875 0.0453125 0.0921875
47 0.24296875 0.48515625 0.046875 0.0875
57 0.28671875 0.48359375 0.046875 0.090625
31 0.3265625 0.47734375 0.0421875 0.0875
45 0.38046875 0.478125 0.046875 0.096875
37 0.42421875 0.47421875 0.05 0.090625
33 0.4703125 0.4703125 0.0453125 0.0921875
37 0.51875 0.46484375 0.046875 0.096875
59 0.609375 0.4609375 0.0515625 0.090625
31 0.6515625 0.4546875 0.040625 0.0890625
35 0.70390625 0.45546875 0.05 0.0921875
39 0.74765625 0.44453125 0.0484375 0.1046875
31 0.79140625 0.4453125 0.0484375 0.09375
53 0.8359375 0.43984375 0.0515625 0.0875
19 0.8859375 0.43671875 0.046875 0.0890625
45 0.9328125 0.43515625 0.046875 0.0875
53 0.9765625 0.43515625 0.04375 0.09375