0 0.17890625 0.2359375 0.0375 0.0625
22 0.21328125 0.228125 0.0421875 0.0609375
33 0.2453125 0.22265625 0.040625 0.0625
31 0.28515625 0.221875 0.0359375 0.0546875
57 0.31875 0.21953125 0.040625 0.0640625
33 0.35390625 0.21328125 0.0421875 0.05625
31 0.3921875 0.21015625 0.0375 0.0546875
55 0.42109375 0.2015625 0.040625 0.0640625
55 0.45390625 0.20078125 0.046875 0.0640625
0 0.51875 0.4140625 0.04375 0.065625
31 0.55625 0.4078125 0.0390625 0.0640625
57 0.58828125 0.40859375 0.0390625 0.0609375
29 0.61953125 0.4 0.0359375 0.05625
19 0.65078125 0.3984375 0.04375 0.0671875
27 0.6796875 0.39140625 0.034375 0.0578125
29 0.70625 0.38828125 0.0421875 0.065625
27 0.74296875 0.38125 0.04375 0.0640625
29 0.22109375 0.61640625 0.0390625 0.0609375
41 0.2546875 0.6203125 0.0453125 0.06875
29 0.30625 0.6078125 0.046875 0.0703125
49 0.3390625 0.60625 0.0421875 0.059375
33 0.37109375 0.5921875 0.0390625 0.0671875
55 0.41875 0.5921875 0.0390625 0.0671875
33 0.453125 0.58828125 0.0359375 0.05625
56 0.484375 0.5859375 0.040625 0.0625
33 0.51796875 0.58046875 0.04375 0.0625
55 0.55078125 0.5734375 0.0390625 0.059375
22 0.5984375 0.5734375 0.0421875 0.059375
33 0.63046875 0.56484375 0.0390625 0.0609375
59 0.68203125 0.55859375 0.04375 0.0625
33 0.71328125 0.553125 0.0375 0.0609375
57 0.74453125 0.5484375 0.040625 0.071875
43 0.77890625 0.540625 0.05 0.0703125
19 0.81171875 0.53984375 0.0359375 0.05625
29 0.8421875 0.53359375 0.0390625 0.0640625
18 0.87890625 0.53203125 0.053125 0.0703125
0 0.6984375 0.68125 0.04375 0.0671875
49 0.7328125 0.67421875 0.0390625 0.0609375
19 0.76640625 0.66875 0.0421875 0.0625
55 0.79765625 0.66640625 0.0453125 0.071875
29 0.83515625 0.6625 0.0453125 0.0734375
41 0.865625 0.66171875 0.0390625 0.065625
45 0.89921875 0.65390625 0.04375 0.065625