0 0.384375 0.6390625 0.01640625 0.04375
0 0.4 0.63984375 0.01328125 0.04140625
33 0.41484375 0.63984375 0.01484375 0.03828125
55 0.4296875 0.63828125 0.0140625 0.04140625
33 0.4421875 0.63984375 0.01328125 0.040625
35 0.45625 0.6375 0.01328125 0.04140625
29 0.47109375 0.6375 0.01484375 0.04140625
57 0.4859375 0.63671875 0.01328125 0.03984375
19 0.50078125 0.6359375 0.01484375 0.03984375
35 0.51875 0.63359375 0.015625 0.04140625
31 0.53359375 0.63515625 0.0140625 0.03828125
55 0.54921875 0.63203125 0.015625 0.04140625
0 0.57578125 0.63046875 0.015625 0.03359375
0 0.590625 0.628125 0.0125 0.0359375
57 0.60546875 0.6265625 0.01328125 0.03359375
41 0.6203125 0.62578125 0.01328125 0.03671875
41 0.634375 0.625 0.0125 0.0359375
43 0.646875 0.62421875 0.01484375 0.0375
0 0.31171875 0.690625 0.015625 0.04296875
0 0.32734375 0.69140625 0.01328125 0.03828125
31 0.34296875 0.69140625 0.0140625 0.03828125
40 0.35703125 0.6890625 0.01328125 0.040625
38 0.37265625 0.6890625 0.01484375 0.0375
41 0.3875 0.6875 0.01328125 0.03828125
57 0.4046875 0.6875 0.015625 0.03828125
19 0.41953125 0.6859375 0.01328125 0.0359375
42 0.434375 0.68671875 0.0140625 0.0375
52 0.4515625 0.684375 0.01640625 0.0375
0 0.4796875 0.6828125 0.0140625 0.0390625
0 0.49375 0.68125 0.0140625 0.03515625
59 0.5109375 0.68046875 0.01640625 0.03828125
54 0.5265625 0.67890625 0.01171875 0.034375
27 0.54140625 0.67734375 0.015625 0.0359375
41 0.55546875 0.6796875 0.01328125 0.0390625
45 0.5703125 0.6765625 0.0125 0.03671875
45 0.5859375 0.67734375 0.01484375 0.03671875
33 0.6 0.6765625 0.01328125 0.04140625
55 0.615625 0.67265625 0.01328125 0.040625
0 0.64140625 0.66796875 0.015625 0.03984375
0 0.6546875 0.66640625 0.0125 0.040625
41 0.66953125 0.66640625 0.01484375 0.04140625
45 0.684375 0.665625 0.01328125 0.03515625
55 0.69921875 0.665625 0.01328125 0.03359375
46 0.7125 0.66484375 0.015625 0.0390625