0 0.390625 0.65 0.0203125 0.0421875
0 0.40625 0.65 0.01875 0.0421875
33 0.42109375 0.6484375 0.0171875 0.0375
55 0.43671875 0.646875 0.0171875 0.0375
33 0.44921875 0.6453125 0.0171875 0.0359375
35 0.4640625 0.64453125 0.0171875 0.0375
29 0.4796875 0.640625 0.0171875 0.040625
57 0.4953125 0.6390625 0.0171875 0.0390625
19 0.51015625 0.6359375 0.0171875 0.0421875
35 0.52734375 0.6359375 0.01875 0.0375
31 0.54375 0.63359375 0.0171875 0.0375
55 0.559375 0.63125 0.01875 0.0390625
0 0.58828125 0.62734375 0.01875 0.0375
0 0.60234375 0.6265625 0.015625 0.0359375
57 0.61796875 0.62265625 0.0171875 0.0359375
57 0.63203125 0.6203125 0.0140625 0.034375
57 0.6453125 0.61796875 0.0171875 0.0375
57 0.66015625 0.61640625 0.0171875 0.0359375
0 0.3203125 0.70859375 0.01875 0.0453125
0 0.3359375 0.70703125 0.0171875 0.04375
31 0.35078125 0.70703125 0.01875 0.0421875
40 0.36796875 0.70625 0.0171875 0.04375
38 0.3828125 0.70390625 0.01875 0.040625
41 0.3984375 0.7015625 0.0171875 0.0390625
57 0.4140625 0.6984375 0.01875 0.0390625
19 0.43046875 0.696875 0.0171875 0.0375
42 0.4453125 0.6953125 0.01875 0.0390625
52 0.46328125 0.69296875 0.01875 0.0390625
0 0.4921875 0.68828125 0.0171875 0.0359375
0 0.50703125 0.6875 0.015625 0.0359375
59 0.5234375 0.68359375 0.015625 0.034375
54 0.5390625 0.68203125 0.015625 0.0375
27 0.55546875 0.67890625 0.015625 0.0375
41 0.5703125 0.67734375 0.01875 0.0375
45 0.58515625 0.6765625 0.015625 0.0375
45 0.6 0.67421875 0.0171875 0.0359375
33 0.615625 0.671875 0.015625 0.0359375
55 0.6296875 0.66875 0.0171875 0.034375
0 0.6578125 0.66328125 0.0171875 0.0375
0 0.67109375 0.66171875 0.015625 0.0375
41 0.68515625 0.65859375 0.0171875 0.0359375
45 0.70078125 0.65859375 0.015625 0.0375
55 0.715625 0.65546875 0.015625 0.034375
46 0.728125 0.653125 0.0171875 0.0375