0 0.38125 0.6421875 0.01875 0.0421875
0 0.396875 0.63984375 0.01328125 0.04296875
33 0.4125 0.6421875 0.0140625 0.0421875
55 0.42734375 0.64140625 0.0140625 0.03671875
33 0.440625 0.640625 0.0140625 0.03671875
35 0.45546875 0.640625 0.01484375 0.0390625
29 0.4703125 0.6390625 0.01328125 0.03984375
57 0.4859375 0.6375 0.015625 0.03828125
19 0.50078125 0.6359375 0.0140625 0.0390625
35 0.5171875 0.6359375 0.01484375 0.0359375
31 0.53359375 0.63515625 0.01484375 0.0359375
55 0.54921875 0.63359375 0.015625 0.03671875
0 0.57734375 0.63203125 0.01484375 0.03359375
0 0.59140625 0.63046875 0.0125 0.03359375
57 0.60703125 0.628125 0.015625 0.03671875
41 0.621875 0.628125 0.0125 0.03671875
41 0.63515625 0.62734375 0.0125 0.0375
43 0.65 0.6265625 0.0171875 0.034375
0 0.3078125 0.69375 0.015625 0.04453125
0 0.32421875 0.69296875 0.01484375 0.04140625
31 0.3390625 0.6921875 0.0140625 0.03984375
40 0.3546875 0.69140625 0.015625 0.0421875
38 0.3703125 0.690625 0.01484375 0.03671875
41 0.38515625 0.690625 0.01328125 0.03828125
57 0.40234375 0.690625 0.01484375 0.03828125
19 0.4171875 0.68984375 0.0140625 0.03828125
42 0.4328125 0.6890625 0.015625 0.0375
52 0.45 0.68671875 0.01640625 0.0390625
0 0.47890625 0.6859375 0.01484375 0.0359375
0 0.49453125 0.68515625 0.0140625 0.03515625
59 0.51015625 0.684375 0.015625 0.0359375
54 0.5265625 0.6828125 0.01328125 0.03359375
27 0.54140625 0.68125 0.0125 0.03671875
41 0.55625 0.68046875 0.01484375 0.03671875
45 0.571875 0.6796875 0.015625 0.03828125
45 0.58671875 0.67734375 0.01328125 0.03671875
33 0.60078125 0.6765625 0.01328125 0.03671875
55 0.615625 0.675 0.01328125 0.0359375
0 0.64375 0.67109375 0.01484375 0.03828125
0 0.65859375 0.66953125 0.01484375 0.0375
41 0.67265625 0.66953125 0.01484375 0.03828125
45 0.6875 0.66796875 0.0140625 0.03828125
55 0.70078125 0.66796875 0.0125 0.03671875
46 0.715625 0.6671875 0.01484375 0.0359375