0 0.3859375 0.6421875 0.01875 0.040625
0 0.4015625 0.640625 0.0140625 0.040625
33 0.415625 0.64140625 0.015625 0.0390625
55 0.43125 0.640625 0.015625 0.0421875
33 0.4453125 0.63828125 0.015625 0.0375
35 0.45859375 0.6390625 0.0140625 0.0390625
29 0.47265625 0.6375 0.015625 0.0359375
57 0.48828125 0.63671875 0.015625 0.0390625
19 0.50390625 0.634375 0.0140625 0.0390625
35 0.52109375 0.6328125 0.0140625 0.0390625
31 0.5359375 0.6328125 0.0140625 0.0359375
55 0.5515625 0.63046875 0.015625 0.034375
0 0.57890625 0.62890625 0.0171875 0.034375
0 0.59375 0.628125 0.0109375 0.0328125
57 0.60859375 0.625 0.0125 0.034375
41 0.6234375 0.62421875 0.0125 0.0359375
41 0.6359375 0.62265625 0.0140625 0.0375
43 0.65 0.6234375 0.0171875 0.0375
0 0.31328125 0.6953125 0.0203125 0.040625
0 0.32890625 0.69453125 0.015625 0.040625
31 0.3453125 0.69453125 0.015625 0.0390625
40 0.36015625 0.69140625 0.015625 0.0375
38 0.375 0.69140625 0.015625 0.034375
41 0.38984375 0.690625 0.0140625 0.0359375
57 0.4078125 0.6890625 0.015625 0.0375
19 0.421875 0.68984375 0.015625 0.040625
42 0.4375 0.6875 0.0140625 0.040625
52 0.4546875 0.68515625 0.01875 0.034375
0 0.4828125 0.6828125 0.015625 0.0390625
0 0.49765625 0.68359375 0.0140625 0.040625
59 0.51328125 0.6828125 0.015625 0.040625
54 0.53046875 0.678125 0.0140625 0.0359375
27 0.5453125 0.67890625 0.015625 0.0390625
41 0.5609375 0.678125 0.0140625 0.040625
45 0.5734375 0.675 0.0140625 0.0375
45 0.58984375 0.67578125 0.015625 0.0390625
33 0.6046875 0.675 0.0140625 0.0390625
55 0.61953125 0.67109375 0.0171875 0.0375
0 0.64375 0.66640625 0.01875 0.0375
0 0.65859375 0.66484375 0.0140625 0.034375
41 0.6734375 0.66484375 0.0140625 0.0375
45 0.68828125 0.6625 0.0125 0.034375
55 0.70234375 0.66328125 0.0125 0.0375
46 0.715625 0.66015625 0.015625 0.034375