14 0.4765625 0.31171875 0.01171875 0.0296875
47 0.4890625 0.3125 0.0109375 0.0296875
14 0.6984375 0.3296875 0.0140625 0.03203125
35 0.7125 0.33203125 0.0125 0.034375
2 0.69140625 0.50859375 0.0109375 0.02890625
43 0.70390625 0.509375 0.01171875 0.02890625
2 0.575 0.671875 0.0125 0.0328125
55 0.58828125 0.6765625 0.01171875 0.0265625
55 0.6015625 0.6765625 0.01328125 0.02578125
41 0.4703125 0.81640625 0.01015625 0.0265625
59 0.4828125 0.81953125 0.01171875 0.02421875
16 0.4953125 0.82109375 0.01171875 0.0265625