22 0.3984375 0.4109375 0.0625 0.11015625
41 0.47109375 0.3984375 0.065625 0.1171875
57 0.540625 0.3953125 0.06171875 0.10234375
39 0.615625 0.38203125 0.0578125 0.10546875
49 0.38984375 0.54296875 0.05859375 0.1109375
41 0.46953125 0.5390625 0.05546875 0.1109375
40 0.55234375 0.5265625 0.07421875 0.12421875
27 0.625 0.52265625 0.059375 0.12265625
33 0.6984375 0.509375 0.0734375 0.1171875
41 0.37734375 0.7171875 0.0625 0.14609375
51 0.45859375 0.6921875 0.06171875 0.12265625
51 0.53828125 0.68203125 0.0671875 0.12265625
19 0.63046875 0.6640625 0.059375 0.11015625
35 0.709375 0.653125 0.06328125 0.1140625
33 0.79609375 0.6546875 0.07578125 0.12265625