14 0.35546875 0.64453125 0.0234375 0.0484375
31 0.3703125 0.6421875 0.0171875 0.0453125
47 0.384375 0.63984375 0.021875 0.05
53 0.4 0.64296875 0.0203125 0.046875
0 0.42734375 0.640625 0.0203125 0.0515625
0 0.4421875 0.6390625 0.01875 0.0515625
51 0.45703125 0.64140625 0.01875 0.0453125
41 0.47109375 0.64296875 0.01875 0.0421875
41 0.48671875 0.640625 0.01875 0.046875
37 0.5015625 0.640625 0.0203125 0.0453125
0 0.53046875 0.640625 0.01875 0.0453125
0 0.5453125 0.6375 0.01875 0.046875
27 0.559375 0.6375 0.01875 0.05
54 0.575 0.64140625 0.021875 0.046875
56 0.590625 0.6390625 0.01875 0.0453125
19 0.60546875 0.6390625 0.01875 0.0484375
35 0.6203125 0.6390625 0.021875 0.05
33 0.6375 0.6375 0.0203125 0.046875
0 0.66484375 0.63828125 0.025 0.0546875
0 0.68046875 0.6359375 0.01875 0.0515625
35 0.69453125 0.6375 0.021875 0.0484375
13 0.7109375 0.63515625 0.021875 0.0515625
29 0.728125 0.6390625 0.0203125 0.046875
0 0.3625 0.6984375 0.0203125 0.046875
0 0.378125 0.69765625 0.0171875 0.046875
38 0.3921875 0.69921875 0.021875 0.05
41 0.40703125 0.6984375 0.01875 0.046875
57 0.421875 0.69609375 0.0203125 0.05
57 0.4359375 0.6953125 0.0171875 0.046875
53 0.45 0.7 0.01875 0.046875
33 0.465625 0.69765625 0.0203125 0.04375