57 0.2546875 0.3546875 0.08359375 0.10546875
55 0.3359375 0.353125 0.07265625 0.11015625
41 0.25390625 0.5 0.09765625 0.1140625
41 0.34375 0.4953125 0.078125 0.10703125
39 0.42265625 0.49296875 0.06640625 0.10234375
0 0.0953125 0.359375 0.0703125 0.09921875
47 0.1671875 0.35703125 0.0671875 0.09609375
0 0.09453125 0.4953125 0.065625 0.09453125
47 0.16328125 0.49453125 0.065625 0.0984375
0 0.0921875 0.63125 0.05703125 0.09140625
57 0.1671875 0.6296875 0.07890625 0.09609375
33 0.25859375 0.63203125 0.08046875 0.1078125
56 0.34375 0.62734375 0.08359375 0.10390625
19 0.42734375 0.625 0.075 0.10234375
33 0.515625 0.62421875 0.07421875 0.10546875
22 0.60390625 0.62421875 0.08203125 0.11328125