43 0.44453125 0.69453125 0.025 0.06875
59 0.465625 0.70390625 0.028125 0.0703125
19 0.48359375 0.70703125 0.0265625 0.0640625
57 0.5046875 0.71796875 0.0296875 0.0828125
33 0.52734375 0.7234375 0.0296875 0.078125
27 0.55390625 0.73671875 0.034375 0.0921875
10 0.57890625 0.74296875 0.034375 0.1015625
0 0.6015625 0.74609375 0.0328125 0.103125
0 0.6671875 0.7703125 0.0453125 0.11875
0 0.7015625 0.78671875 0.0453125 0.1140625
57 0.7421875 0.7984375 0.0484375 0.1203125
41 0.784375 0.81484375 0.0515625 0.125
41 0.828125 0.8296875 0.0546875 0.128125
43 0.88203125 0.8421875 0.0609375 0.13125