0 0.3796875 0.64296875 0.0171875 0.04140625
0 0.396875 0.64296875 0.015625 0.0390625
33 0.4109375 0.64296875 0.0140625 0.03828125
55 0.4265625 0.64296875 0.0140625 0.0359375
33 0.43984375 0.6421875 0.015625 0.0375
35 0.45546875 0.63984375 0.01640625 0.0390625
29 0.4703125 0.63828125 0.0125 0.0375
57 0.4859375 0.6375 0.01484375 0.03828125
19 0.50078125 0.63671875 0.01484375 0.03671875
35 0.51875 0.63671875 0.015625 0.03671875
31 0.53515625 0.6359375 0.0140625 0.034375
55 0.55078125 0.63515625 0.015625 0.03515625
0 0.578125 0.6328125 0.0171875 0.034375
0 0.59296875 0.63203125 0.0125 0.03359375
57 0.60859375 0.63125 0.01328125 0.0359375
41 0.6234375 0.62890625 0.01328125 0.0359375
41 0.63671875 0.628125 0.0140625 0.03671875
43 0.6515625 0.628125 0.01484375 0.034375
0 0.30625 0.69609375 0.0171875 0.04296875
0 0.32265625 0.6953125 0.0140625 0.04296875
31 0.33828125 0.696875 0.01640625 0.0375
40 0.35390625 0.69453125 0.01484375 0.0375
38 0.36875 0.69453125 0.01328125 0.03984375
41 0.384375 0.69375 0.01484375 0.0390625
57 0.4015625 0.69296875 0.01484375 0.03828125
19 0.4171875 0.69375 0.01328125 0.040625
42 0.4328125 0.68984375 0.01484375 0.0359375
52 0.44921875 0.68984375 0.015625 0.0390625
0 0.4796875 0.6890625 0.01484375 0.0359375
0 0.49375 0.6875 0.01328125 0.03515625
59 0.5109375 0.68515625 0.015625 0.03671875
54 0.5265625 0.684375 0.0140625 0.034375
27 0.54296875 0.6828125 0.0140625 0.03828125
41 0.5578125 0.68203125 0.0125 0.0375
45 0.571875 0.68125 0.0140625 0.03671875
45 0.58828125 0.68046875 0.0140625 0.0375
33 0.60234375 0.678125 0.015625 0.0390625
55 0.61875 0.678125 0.015625 0.0375
0 0.64375 0.6734375 0.015625 0.03359375
0 0.65859375 0.6734375 0.0125 0.0328125
41 0.67421875 0.67109375 0.0125 0.034375
45 0.68828125 0.67109375 0.01328125 0.034375
55 0.70234375 0.66875 0.01171875 0.0328125
46 0.71640625 0.66796875 0.015625 0.0328125