14 0.33671875 0.625 0.0171875 0.046875
31 0.35234375 0.62578125 0.015625 0.0453125
47 0.36640625 0.628125 0.0140625 0.0453125
53 0.38046875 0.63046875 0.0140625 0.0421875
0 0.4078125 0.63203125 0.015625 0.0453125
0 0.42265625 0.634375 0.015625 0.046875
51 0.43828125 0.63828125 0.0140625 0.04375
41 0.4515625 0.64140625 0.0140625 0.046875
41 0.4671875 0.6421875 0.015625 0.0453125
37 0.48125 0.64375 0.0171875 0.046875
0 0.51015625 0.64765625 0.015625 0.0484375
0 0.52421875 0.64921875 0.015625 0.05
27 0.53984375 0.6515625 0.0171875 0.05
54 0.5546875 0.65625 0.015625 0.046875
56 0.56953125 0.65703125 0.015625 0.046875
19 0.584375 0.65859375 0.015625 0.0484375
35 0.6 0.66171875 0.0171875 0.0484375
33 0.615625 0.6625 0.0171875 0.0484375
0 0.64375 0.66953125 0.0171875 0.046875
0 0.65859375 0.66953125 0.015625 0.046875
35 0.67421875 0.67421875 0.0171875 0.0453125
13 0.68984375 0.67578125 0.015625 0.0484375
29 0.70546875 0.6765625 0.01875 0.046875
0 0.3359375 0.68203125 0.015625 0.04375
0 0.35 0.6828125 0.0140625 0.0421875
38 0.36484375 0.68515625 0.0140625 0.04375
41 0.37890625 0.68671875 0.0125 0.0453125
57 0.3921875 0.68828125 0.0171875 0.0484375
31 0.40703125 0.68984375 0.0140625 0.0421875
53 0.42109375 0.69296875 0.0140625 0.04375
33 0.43515625 0.69453125 0.015625 0.0421875