22 0.21953125 0.27578125 0.0421875 0.2
49 0.25234375 0.278125 0.0296875 0.1828125
19 0.2828125 0.28046875 0.034375 0.1921875
35 0.31484375 0.2828125 0.0328125 0.1828125
49 0.3453125 0.28671875 0.034375 0.196875
19 0.39921875 0.28828125 0.0328125 0.196875
27 0.43125 0.2875 0.0359375 0.1953125
41 0.47734375 0.29921875 0.03125 0.178125
51 0.50625 0.3015625 0.0296875 0.16875
55 0.55390625 0.30625 0.028125 0.1671875
41 0.578125 0.303125 0.025 0.1640625
56 0.603125 0.315625 0.0265625 0.1546875
33 0.62734375 0.30625 0.025 0.153125
41 0.6703125 0.31328125 0.028125 0.16875
51 0.69453125 0.30703125 0.0265625 0.1640625
29 0.73359375 0.31953125 0.021875 0.1578125
57 0.75390625 0.315625 0.0234375 0.1546875
40 0.775 0.32265625 0.0234375 0.1578125
29 0.79609375 0.31640625 0.021875 0.1546875
49 0.8171875 0.31640625 0.025 0.1546875
41 0.2734375 0.76953125 0.034375 0.2
51 0.3078125 0.771875 0.034375 0.1921875
55 0.3640625 0.7625 0.03125 0.1828125
19 0.39296875 0.76171875 0.028125 0.175
53 0.4203125 0.76328125 0.03125 0.1890625
49 0.44609375 0.75546875 0.028125 0.1828125
29 0.4734375 0.753125 0.03125 0.1828125
31 0.52109375 0.76015625 0.0265625 0.1890625
45 0.54765625 0.7515625 0.028125 0.178125
37 0.57265625 0.7453125 0.0265625 0.175
41 0.61640625 0.74140625 0.028125 0.171875
51 0.64375 0.74140625 0.028125 0.171875
59 0.6859375 0.7328125 0.028125 0.18125
33 0.70703125 0.7359375 0.025 0.16875
31 0.72734375 0.740625 0.021875 0.1828125
35 0.74765625 0.73984375 0.025 0.1640625
33 0.76875 0.734375 0.025 0.1640625