14 0.3640625 0.65390625 0.021875 0.0484375
31 0.37890625 0.6515625 0.021875 0.046875
47 0.39375 0.6515625 0.0203125 0.0453125
53 0.4078125 0.65078125 0.0203125 0.04375
0 0.434375 0.646875 0.0203125 0.046875
0 0.45 0.64609375 0.021875 0.0484375
51 0.465625 0.64765625 0.0203125 0.0453125
41 0.47890625 0.6484375 0.0203125 0.0484375
41 0.49453125 0.6453125 0.0203125 0.046875
37 0.50859375 0.6453125 0.021875 0.0484375
0 0.53828125 0.64296875 0.0203125 0.0484375
0 0.55234375 0.6421875 0.0203125 0.0515625
27 0.56796875 0.64140625 0.0234375 0.0515625
54 0.58359375 0.64296875 0.021875 0.0484375
56 0.5984375 0.64140625 0.0203125 0.046875
19 0.61328125 0.63984375 0.021875 0.05
35 0.62890625 0.6390625 0.021875 0.05
33 0.64453125 0.6375 0.021875 0.05
0 0.67265625 0.6390625 0.021875 0.0484375
0 0.6875 0.63671875 0.021875 0.0484375
35 0.7046875 0.6375 0.021875 0.046875
13 0.7203125 0.6359375 0.021875 0.05
29 0.7359375 0.634375 0.0234375 0.0484375
0 0.3734375 0.71015625 0.0203125 0.0453125
0 0.3875 0.70859375 0.0203125 0.04375
38 0.40234375 0.7078125 0.01875 0.0453125
41 0.41640625 0.70625 0.01875 0.0453125
57 0.43046875 0.70546875 0.021875 0.05
31 0.4453125 0.70390625 0.0203125 0.04375
53 0.459375 0.70390625 0.0203125 0.04375
33 0.4734375 0.703125 0.0203125 0.04375