0 0.39921875 0.65390625 0.0234375 0.046875
0 0.41484375 0.65234375 0.0203125 0.0453125
33 0.43046875 0.65078125 0.0203125 0.04375
55 0.4453125 0.64921875 0.0171875 0.0375
33 0.45859375 0.646875 0.01875 0.0359375
35 0.47265625 0.64375 0.01875 0.0390625
29 0.4875 0.64140625 0.0203125 0.0421875
57 0.503125 0.63984375 0.0171875 0.0390625
19 0.51796875 0.63515625 0.01875 0.0390625
35 0.534375 0.63359375 0.01875 0.0390625
31 0.55078125 0.6296875 0.01875 0.0375
55 0.56640625 0.62734375 0.021875 0.0375
55 0.59375 0.6203125 0.0203125 0.0375
55 0.60703125 0.61796875 0.0171875 0.0375
57 0.621875 0.61640625 0.0171875 0.0375
41 0.6375 0.6125 0.0171875 0.034375
41 0.6515625 0.61015625 0.015625 0.034375
43 0.665625 0.60703125 0.0203125 0.0375
0 0.33125 0.71484375 0.0234375 0.0453125
0 0.34765625 0.71328125 0.01875 0.04375
31 0.36328125 0.71015625 0.0203125 0.040625
40 0.37890625 0.71015625 0.021875 0.0421875
38 0.39453125 0.70859375 0.0203125 0.0390625
41 0.409375 0.70390625 0.01875 0.0390625
57 0.42578125 0.70234375 0.021875 0.040625
19 0.4421875 0.69921875 0.0171875 0.0390625
42 0.45546875 0.69609375 0.0203125 0.0390625
52 0.47265625 0.69375 0.0203125 0.0390625
0 0.5015625 0.6890625 0.0203125 0.0375
0 0.5171875 0.6859375 0.0171875 0.0359375
59 0.534375 0.68203125 0.0171875 0.0375
54 0.5484375 0.678125 0.0171875 0.0375
27 0.5640625 0.67578125 0.01875 0.0390625
41 0.57890625 0.67265625 0.0171875 0.0359375
45 0.59375 0.6703125 0.0171875 0.034375
45 0.60859375 0.66796875 0.01875 0.0390625
33 0.6234375 0.66484375 0.01875 0.0375
55 0.6390625 0.66171875 0.0203125 0.0390625
0 0.6640625 0.6546875 0.0203125 0.0375
0 0.67890625 0.653125 0.0171875 0.034375
41 0.69296875 0.6484375 0.0171875 0.0375
45 0.70703125 0.646875 0.01875 0.0375
55 0.7203125 0.6421875 0.0171875 0.0359375
46 0.73515625 0.64140625 0.01875 0.034375