0 0.3046875 0.30703125 0.03671875 0.078125
27 0.34765625 0.30703125 0.03984375 0.0796875
41 0.3875 0.30703125 0.034375 0.078125
43 0.4296875 0.30703125 0.0359375 0.0765625
33 0.46953125 0.3078125 0.03203125 0.075
27 0.54921875 0.30859375 0.0421875 0.08203125
33 0.5921875 0.30625 0.0359375 0.0875
33 0.63359375 0.30859375 0.03671875 0.08515625
31 0.3671875 0.4421875 0.03671875 0.0921875
22 0.44921875 0.43671875 0.0359375 0.08515625
33 0.48984375 0.4359375 0.03203125 0.0765625
33 0.52734375 0.43671875 0.0328125 0.08046875
37 0.56796875 0.43125 0.0359375 0.08203125
23 0.61328125 0.43046875 0.040625 0.08203125
27 0.334375 0.559375 0.0390625 0.08515625
41 0.37421875 0.559375 0.03671875 0.08203125
43 0.4125 0.559375 0.0328125 0.0796875
33 0.45234375 0.56171875 0.03515625 0.078125
27 0.5359375 0.5578125 0.03515625 0.075
33 0.57734375 0.5578125 0.0328125 0.075
33 0.6171875 0.55703125 0.03671875 0.0796875
31 0.34609375 0.69453125 0.0390625 0.08046875
22 0.42421875 0.69296875 0.03828125 0.078125
19 0.46953125 0.6921875 0.03515625 0.0796875
27 0.509375 0.690625 0.0359375 0.08203125
49 0.55234375 0.690625 0.034375 0.0796875
18 0.59453125 0.68828125 0.0328125 0.08515625