14 0.34765625 0.640625 0.015625 0.0484375
31 0.36328125 0.64140625 0.01484375 0.04375
47 0.378125 0.6421875 0.0140625 0.04296875
53 0.39296875 0.64375 0.01484375 0.0453125
0 0.41875 0.64609375 0.0140625 0.04921875
0 0.43359375 0.64921875 0.01484375 0.046875
51 0.44921875 0.6515625 0.0140625 0.04453125
41 0.4640625 0.653125 0.01484375 0.0453125
41 0.478125 0.65390625 0.01328125 0.04453125
37 0.49296875 0.653125 0.015625 0.04296875
0 0.521875 0.6609375 0.0140625 0.04453125
0 0.53671875 0.6609375 0.0140625 0.04609375
27 0.5515625 0.66171875 0.0140625 0.0484375
54 0.56640625 0.66484375 0.0125 0.04453125
56 0.58046875 0.6671875 0.0140625 0.04609375
19 0.5953125 0.66640625 0.01484375 0.04609375
35 0.6109375 0.66875 0.015625 0.0453125
33 0.6265625 0.6703125 0.015625 0.046875
0 0.65546875 0.67578125 0.015625 0.04609375
0 0.671875 0.67578125 0.01484375 0.0453125
35 0.6859375 0.6765625 0.0140625 0.04375
13 0.7 0.67890625 0.0140625 0.04765625
29 0.71640625 0.67890625 0.01640625 0.053125
0 0.3484375 0.6984375 0.01328125 0.04453125
0 0.3625 0.6984375 0.01328125 0.046875
38 0.37734375 0.7015625 0.0125 0.04296875
41 0.39140625 0.70390625 0.0140625 0.0421875
57 0.40625 0.70390625 0.01328125 0.04296875
31 0.4203125 0.70625 0.015625 0.0453125
53 0.434375 0.70703125 0.01328125 0.04296875
33 0.44921875 0.709375 0.015625 0.04453125