0 0.39375 0.653125 0.0203125 0.04375
0 0.40859375 0.65078125 0.0171875 0.04375
33 0.4234375 0.65 0.0171875 0.040625
55 0.43828125 0.6484375 0.0171875 0.0421875
33 0.453125 0.64765625 0.0171875 0.040625
35 0.4671875 0.6453125 0.01875 0.040625
29 0.4828125 0.6421875 0.0171875 0.040625
57 0.4984375 0.640625 0.0171875 0.0390625
19 0.51328125 0.6375 0.01875 0.0390625
35 0.5296875 0.6359375 0.01875 0.0375
31 0.54609375 0.63359375 0.0171875 0.0390625
55 0.5625 0.63125 0.01875 0.040625
0 0.5890625 0.6265625 0.0203125 0.0375
0 0.60390625 0.6234375 0.015625 0.0375
57 0.61953125 0.62109375 0.01875 0.0375
41 0.634375 0.61875 0.015625 0.0390625
41 0.6484375 0.6171875 0.015625 0.0390625
43 0.6640625 0.615625 0.01875 0.0375
0 0.3234375 0.7125 0.021875 0.046875
0 0.340625 0.7109375 0.01875 0.046875
31 0.35625 0.71015625 0.01875 0.04375
40 0.37109375 0.70859375 0.01875 0.040625
38 0.38671875 0.70703125 0.01875 0.040625
41 0.4015625 0.7046875 0.01875 0.040625
57 0.41796875 0.7015625 0.01875 0.040625
19 0.434375 0.69921875 0.0171875 0.0390625
42 0.44921875 0.69609375 0.01875 0.0390625
52 0.4671875 0.6953125 0.0203125 0.0390625
0 0.4953125 0.68984375 0.01875 0.0375
0 0.5109375 0.68828125 0.0171875 0.0375
59 0.528125 0.684375 0.01875 0.0375
54 0.54375 0.68203125 0.0171875 0.0375
27 0.55859375 0.67890625 0.0171875 0.0375
41 0.5734375 0.67734375 0.0171875 0.0390625
45 0.58828125 0.67421875 0.0171875 0.0375
45 0.60390625 0.671875 0.01875 0.0390625
33 0.61796875 0.66953125 0.0171875 0.0375
55 0.6328125 0.66796875 0.01875 0.0375
0 0.66015625 0.6625 0.0171875 0.0359375
0 0.675 0.659375 0.015625 0.0328125
41 0.68984375 0.65546875 0.0171875 0.0375
45 0.70390625 0.65546875 0.0171875 0.0375
55 0.71796875 0.65078125 0.015625 0.0375
46 0.73125 0.65078125 0.0171875 0.0359375