0 0.2953125 0.2421875 0.01875 0.0421875
35 0.309375 0.24375 0.01875 0.040625
41 0.325 0.246875 0.021875 0.0421875
57 0.340625 0.24765625 0.01875 0.0375
37 0.35625 0.25078125 0.021875 0.0390625
19 0.37109375 0.25390625 0.0203125 0.040625
31 0.3859375 0.25546875 0.01875 0.0359375
55 0.403125 0.25703125 0.0203125 0.034375
55 0.41875 0.2578125 0.0203125 0.0375
46 0.43359375 0.259375 0.0171875 0.034375
15 0.44921875 0.2625 0.0203125 0.0390625
0 0.28828125 0.29140625 0.0203125 0.0390625
43 0.303125 0.29375 0.01875 0.0375
19 0.31875 0.29765625 0.0203125 0.040625
43 0.33515625 0.2984375 0.0171875 0.0375
19 0.34921875 0.3015625 0.021875 0.0421875
0 0.371875 0.3015625 0.01875 0.0359375
27 0.3859375 0.30390625 0.01875 0.0390625
41 0.40078125 0.30625 0.0203125 0.0375
43 0.41640625 0.3078125 0.0203125 0.0390625
27 0.43203125 0.309375 0.0203125 0.04375
31 0.44609375 0.31328125 0.0203125 0.0359375
45 0.46171875 0.31484375 0.0203125 0.0390625
19 0.478125 0.3171875 0.01875 0.040625
29 0.49296875 0.31875 0.0203125 0.040625
49 0.50859375 0.3203125 0.0203125 0.0421875