43 0.421875 0.68984375 0.01796875 0.07109375
59 0.4390625 0.69609375 0.01796875 0.07265625
19 0.4578125 0.709375 0.01640625 0.071875
57 0.478125 0.7203125 0.0203125 0.071875
33 0.49921875 0.72734375 0.01796875 0.07578125
27 0.52265625 0.73984375 0.025 0.08515625
10 0.5484375 0.75625 0.02265625 0.08359375
0 0.56796875 0.7671875 0.01875 0.075
0 0.6328125 0.80078125 0.028125 0.0921875
0 0.6640625 0.81484375 0.03046875 0.09453125
57 0.70234375 0.828125 0.03359375 0.10390625
41 0.74140625 0.84609375 0.0359375 0.115625
41 0.784375 0.8640625 0.03984375 0.121875
43 0.8328125 0.88515625 0.0453125 0.1328125