43 0.44453125 0.69609375 0.0265625 0.0671875
59 0.4640625 0.70546875 0.0265625 0.0703125
19 0.4828125 0.7078125 0.025 0.0671875
57 0.5046875 0.72109375 0.028125 0.078125
33 0.52734375 0.725 0.028125 0.078125
27 0.55546875 0.73828125 0.034375 0.084375
10 0.58125 0.74765625 0.0328125 0.08125
0 0.6015625 0.76015625 0.0265625 0.078125
0 0.67109375 0.7859375 0.0390625 0.090625
0 0.7078125 0.8 0.0359375 0.09375
57 0.74453125 0.8046875 0.0453125 0.1078125
41 0.784375 0.81796875 0.05 0.115625
41 0.83125 0.83203125 0.0484375 0.11875
43 0.88046875 0.8515625 0.0578125 0.125