22 0.3046875 0.1453125 0.0703125 0.11875
41 0.37578125 0.13203125 0.0796875 0.11875
57 0.43828125 0.11875 0.06875 0.1203125
55 0.51015625 0.1078125 0.071875 0.1203125
37 0.578125 0.10078125 0.0765625 0.1234375
47 0.2703125 0.3421875 0.0765625 0.121875
57 0.3328125 0.33359375 0.0796875 0.1265625
31 0.40703125 0.32109375 0.078125 0.115625
19 0.46875 0.30859375 0.075 0.1265625
55 0.540625 0.30078125 0.0765625 0.1203125
55 0.60390625 0.29296875 0.0703125 0.128125
33 0.678125 0.2859375 0.0796875 0.1265625
37 0.43359375 0.51328125 0.078125 0.125
31 0.5046875 0.50390625 0.0796875 0.1171875
46 0.56953125 0.49296875 0.075 0.11875