0 0.39375 0.65 0.021875 0.046875
0 0.4109375 0.64921875 0.0171875 0.0421875
33 0.425 0.646875 0.0171875 0.0390625
55 0.440625 0.64609375 0.01875 0.0421875
33 0.453125 0.64375 0.0171875 0.0390625
35 0.46796875 0.640625 0.01875 0.040625
29 0.48203125 0.63671875 0.01875 0.0421875
57 0.49921875 0.63671875 0.01875 0.0390625
19 0.51328125 0.63359375 0.0171875 0.040625
35 0.53046875 0.6328125 0.0203125 0.0421875
31 0.54609375 0.63125 0.0171875 0.0359375
55 0.5609375 0.62734375 0.0203125 0.0390625
0 0.58828125 0.62265625 0.0203125 0.0421875
0 0.603125 0.62109375 0.0171875 0.0421875
57 0.61875 0.6203125 0.0171875 0.0390625
41 0.6328125 0.6171875 0.015625 0.0390625
41 0.64609375 0.6140625 0.0171875 0.0375
43 0.66171875 0.61484375 0.0203125 0.0390625
0 0.325 0.70625 0.021875 0.0515625
0 0.3421875 0.70546875 0.0203125 0.05
31 0.35703125 0.70546875 0.01875 0.0421875
40 0.371875 0.70234375 0.0171875 0.04375
38 0.3875 0.70234375 0.0171875 0.0390625
41 0.403125 0.69921875 0.0171875 0.0421875
57 0.42109375 0.69765625 0.0203125 0.0421875
19 0.43671875 0.69609375 0.0171875 0.0375
42 0.45078125 0.69453125 0.01875 0.0390625
52 0.4671875 0.68984375 0.0203125 0.0421875
0 0.496875 0.6859375 0.01875 0.0375
0 0.5109375 0.684375 0.0171875 0.0375
59 0.52734375 0.6828125 0.0203125 0.0390625
54 0.54296875 0.678125 0.015625 0.0359375
27 0.55859375 0.675 0.0171875 0.0390625
41 0.571875 0.67578125 0.015625 0.040625
45 0.5875 0.67265625 0.01875 0.0390625
45 0.60078125 0.66875 0.0171875 0.0375
33 0.615625 0.66640625 0.0171875 0.040625
55 0.63125 0.66328125 0.01875 0.0375
0 0.6578125 0.6578125 0.01875 0.040625
0 0.671875 0.6546875 0.015625 0.0390625
41 0.6875 0.65390625 0.01875 0.0390625
45 0.7 0.6515625 0.0171875 0.0390625
55 0.71484375 0.6484375 0.01875 0.0375
46 0.728125 0.646875 0.015625 0.0375