43 0.4375 0.69609375 0.021875 0.0671875
59 0.4578125 0.70390625 0.025 0.06875
19 0.47578125 0.70859375 0.0234375 0.0640625
57 0.496875 0.7203125 0.025 0.078125
33 0.51875 0.72890625 0.0265625 0.0796875
27 0.54453125 0.73671875 0.03125 0.0921875
10 0.57109375 0.75234375 0.03125 0.0828125
0 0.5921875 0.7609375 0.0265625 0.08125
0 0.66015625 0.7859375 0.0375 0.10625
0 0.69765625 0.79921875 0.0359375 0.1078125
57 0.7328125 0.8109375 0.04375 0.1125
41 0.77578125 0.82734375 0.0421875 0.1109375
41 0.81875 0.8453125 0.0484375 0.115625
43 0.8734375 0.86171875 0.05625 0.1203125