43 0.3875 0.67265625 0.028125 0.0671875
59 0.40546875 0.6875 0.0296875 0.06875
19 0.421875 0.696875 0.028125 0.065625
57 0.4390625 0.7125 0.0296875 0.075
33 0.459375 0.72734375 0.0328125 0.0796875
27 0.48125 0.746875 0.0359375 0.0828125
10 0.50390625 0.76640625 0.0375 0.084375
0 0.52109375 0.7828125 0.03125 0.078125
0 0.58046875 0.828125 0.040625 0.09375
0 0.6109375 0.85078125 0.0421875 0.090625
57 0.64609375 0.8640625 0.0484375 0.109375
41 0.68203125 0.89296875 0.0515625 0.1078125
41 0.7203125 0.92421875 0.053125 0.1171875
43 0.7671875 0.94296875 0.065625 0.1140625