14 0.4765625 0.30859375 0.0109375 0.03125
47 0.48984375 0.31015625 0.0109375 0.0328125
14 0.69609375 0.32734375 0.0125 0.03203125
35 0.7109375 0.32890625 0.01171875 0.0328125
2 0.68828125 0.50625 0.01171875 0.0328125
43 0.703125 0.50625 0.01328125 0.03203125
2 0.57421875 0.6703125 0.0109375 0.0296875
55 0.58671875 0.67109375 0.01015625 0.0265625
55 0.5984375 0.671875 0.01171875 0.02734375
35 0.6640625 0.8375 0.0109375 0.03046875
55 0.6765625 0.83828125 0.01015625 0.02734375
41 0.68828125 0.83984375 0.01171875 0.0265625
27 0.70078125 0.83984375 0.01015625 0.03046875
33 0.71328125 0.84140625 0.01171875 0.03046875
41 0.46953125 0.8140625 0.0125 0.03046875
59 0.48203125 0.815625 0.01015625 0.0265625
16 0.49375 0.81484375 0.0109375 0.03046875
31 0.4640625 0.96875 0.0109375 0.02734375
55 0.47578125 0.96953125 0.0109375 0.028125
13 0.4875 0.96953125 0.01015625 0.028125
43 0.4984375 0.971875 0.01171875 0.02734375