43 0.44375 0.6984375 0.025 0.0671875
59 0.46484375 0.7046875 0.028125 0.0703125
19 0.4828125 0.709375 0.0265625 0.0640625
57 0.50390625 0.7203125 0.0265625 0.078125
33 0.5265625 0.728125 0.0296875 0.08125
27 0.55234375 0.73515625 0.034375 0.0921875
10 0.5796875 0.75 0.034375 0.084375
0 0.60078125 0.7578125 0.0296875 0.0828125
0 0.66953125 0.7796875 0.040625 0.1078125
0 0.70859375 0.7921875 0.0390625 0.1078125
57 0.74296875 0.80234375 0.046875 0.1125
41 0.78671875 0.8171875 0.0453125 0.1109375
41 0.83046875 0.834375 0.053125 0.1171875
43 0.8859375 0.8484375 0.059375 0.121875