0 0.26015625 0.6046875 0.0265625 0.0375
45 0.28359375 0.6 0.025 0.040625
41 0.30859375 0.5953125 0.0265625 0.0375
31 0.33359375 0.5890625 0.025 0.0359375
49 0.35703125 0.5859375 0.025 0.0390625
3 0.39921875 0.575 0.0296875 0.0390625
60 0.42734375 0.5703125 0.0328125 0.0359375
0 0.4671875 0.55859375 0.025 0.0359375
27 0.49296875 0.553125 0.0296875 0.0375
19 0.51796875 0.55 0.025 0.040625
43 0.54140625 0.5453125 0.0265625 0.0375
41 0.56484375 0.5390625 0.0265625 0.0359375
45 0.58984375 0.53046875 0.03125 0.0421875