0 0.1671875 0.140625 0.03125 0.0484375
43 0.2046875 0.14140625 0.034375 0.05
31 0.24375 0.13984375 0.034375 0.0484375
46 0.28359375 0.13828125 0.0375 0.05
46 0.3640625 0.13984375 0.0359375 0.0484375
41 0.39921875 0.13984375 0.03125 0.0421875
40 0.43984375 0.1390625 0.03125 0.05
55 0.52578125 0.13984375 0.034375 0.0484375
19 0.56328125 0.1375 0.0296875 0.05
56 0.6015625 0.1390625 0.034375 0.046875
33 0.63984375 0.1375 0.0359375 0.046875
31 0.71953125 0.13984375 0.0328125 0.05
55 0.75859375 0.1390625 0.0359375 0.05
55 0.7984375 0.1375 0.0375 0.0515625
29 0.2375 0.3046875 0.0390625 0.053125
49 0.28046875 0.30625 0.034375 0.05
33 0.31953125 0.3046875 0.0390625 0.053125
37 0.40390625 0.30625 0.034375 0.053125
31 0.44140625 0.30390625 0.0328125 0.053125
46 0.48125 0.30546875 0.0359375 0.0515625
27 0.51875 0.3046875 0.034375 0.05
41 0.59765625 0.303125 0.0328125 0.05
51 0.6375 0.30390625 0.034375 0.046875
46 0.7171875 0.303125 0.0328125 0.05
41 0.75390625 0.30234375 0.03125 0.05
40 0.79375 0.30390625 0.0375 0.05
57 0.8328125 0.3046875 0.0296875 0.053125
55 0.3265625 0.47734375 0.0375 0.046875
19 0.36875 0.4765625 0.03125 0.05
51 0.40546875 0.4765625 0.0296875 0.05
33 0.44609375 0.47578125 0.0328125 0.046875
18 0.4875 0.475 0.034375 0.053125