43 0.4203125 0.68984375 0.01640625 0.065625
59 0.43984375 0.69921875 0.01953125 0.06796875
19 0.4578125 0.70546875 0.01875 0.0625
57 0.47734375 0.71953125 0.01796875 0.0765625
33 0.4984375 0.7296875 0.01953125 0.07890625
27 0.5234375 0.73984375 0.02421875 0.090625
10 0.5484375 0.7578125 0.025 0.08125
0 0.56875 0.76796875 0.01953125 0.08046875
0 0.634375 0.7984375 0.028125 0.1046875
0 0.67109375 0.815625 0.0265625 0.10546875
57 0.7046875 0.8296875 0.03359375 0.109375
41 0.74609375 0.85 0.0328125 0.1078125
41 0.7875 0.871875 0.0390625 0.1125
43 0.840625 0.89296875 0.04609375 0.11640625