0 0.38125 0.63984375 0.01875 0.0453125
0 0.3984375 0.640625 0.0140625 0.040625
33 0.4125 0.63984375 0.0140625 0.0375
55 0.428125 0.640625 0.01484375 0.04140625
33 0.440625 0.6390625 0.01328125 0.0375
35 0.45546875 0.6375 0.01484375 0.03984375
29 0.4703125 0.634375 0.015625 0.04140625
57 0.4875 0.6359375 0.015625 0.03828125
19 0.5015625 0.634375 0.0140625 0.03984375
35 0.51875 0.63515625 0.01640625 0.04140625
31 0.534375 0.634375 0.01484375 0.034375
55 0.55 0.63203125 0.0171875 0.03828125
0 0.57734375 0.6296875 0.01640625 0.040625
0 0.5921875 0.6296875 0.0140625 0.04140625
57 0.6078125 0.63046875 0.0140625 0.0375
41 0.621875 0.628125 0.01171875 0.0375
41 0.6359375 0.6265625 0.0140625 0.0359375
43 0.65078125 0.628125 0.0171875 0.0375
0 0.3078125 0.68984375 0.01796875 0.05
0 0.325 0.690625 0.015625 0.04921875
31 0.33984375 0.6921875 0.01484375 0.04140625
40 0.3546875 0.690625 0.01328125 0.0421875
38 0.3703125 0.69140625 0.01328125 0.03828125
41 0.3859375 0.68984375 0.01328125 0.040625
57 0.40390625 0.68984375 0.01640625 0.04140625
19 0.41953125 0.68984375 0.0140625 0.0359375
42 0.434375 0.68984375 0.01484375 0.0375
52 0.45078125 0.6859375 0.01640625 0.040625
0 0.48046875 0.68515625 0.015625 0.03671875
0 0.49453125 0.684375 0.0140625 0.0359375
59 0.5109375 0.684375 0.01640625 0.0375
54 0.52734375 0.68125 0.01328125 0.03515625
27 0.54296875 0.6796875 0.0140625 0.0375
41 0.55625 0.68125 0.0125 0.0390625
45 0.571875 0.6796875 0.01484375 0.0375
45 0.5859375 0.6765625 0.01328125 0.03671875
33 0.60078125 0.67578125 0.0140625 0.0390625
55 0.61640625 0.67421875 0.015625 0.03671875
0 0.64375 0.67109375 0.015625 0.0390625
0 0.6578125 0.66875 0.0125 0.0375
41 0.6734375 0.66953125 0.015625 0.0375
45 0.6859375 0.66875 0.01328125 0.0375
55 0.70078125 0.66640625 0.01484375 0.03671875
46 0.7140625 0.66640625 0.01328125 0.0359375