43 0.41484375 0.6828125 0.01875 0.0671875
59 0.43359375 0.69609375 0.0234375 0.06875
19 0.4515625 0.7015625 0.0203125 0.0625
57 0.4703125 0.71640625 0.021875 0.08125
33 0.4921875 0.725 0.0234375 0.0765625
27 0.51640625 0.7421875 0.0265625 0.090625
10 0.53984375 0.75234375 0.025 0.1
0 0.56171875 0.759375 0.0234375 0.1015625
0 0.62265625 0.79296875 0.0359375 0.1171875
0 0.65390625 0.81484375 0.034375 0.1125
57 0.6921875 0.8328125 0.0390625 0.1171875
41 0.73125 0.85546875 0.0421875 0.121875
41 0.771875 0.8765625 0.04375 0.125
43 0.8234375 0.89765625 0.05 0.128125