14 0.3359375 0.62265625 0.0171875 0.046875
31 0.35234375 0.6234375 0.01328125 0.04375
47 0.3671875 0.625 0.0140625 0.04296875
53 0.38125 0.62421875 0.0140625 0.04296875
0 0.40859375 0.62734375 0.0140625 0.04609375
0 0.42265625 0.628125 0.0140625 0.04453125
51 0.4375 0.63046875 0.0125 0.04140625
41 0.4515625 0.63359375 0.01328125 0.04609375
41 0.46640625 0.63671875 0.0140625 0.0453125
37 0.48125 0.63671875 0.01484375 0.04296875
0 0.509375 0.63984375 0.0140625 0.0484375
0 0.525 0.64296875 0.01328125 0.04609375
27 0.53984375 0.64296875 0.0140625 0.04453125
54 0.5546875 0.6453125 0.0125 0.04453125
56 0.56953125 0.64765625 0.0140625 0.04453125
19 0.584375 0.646875 0.01328125 0.0453125
35 0.6 0.64921875 0.01484375 0.0421875
33 0.615625 0.65 0.01484375 0.0421875
0 0.6453125 0.6546875 0.01328125 0.04765625
0 0.66015625 0.65625 0.0140625 0.05
35 0.67578125 0.66015625 0.0125 0.04453125
13 0.68984375 0.66171875 0.0140625 0.04609375
29 0.70625 0.66328125 0.015625 0.0484375
0 0.3359375 0.67890625 0.0140625 0.03984375
0 0.3515625 0.6796875 0.01328125 0.04296875
38 0.365625 0.6796875 0.0125 0.0453125
41 0.3796875 0.6828125 0.0125 0.04453125
57 0.39453125 0.684375 0.01484375 0.046875
31 0.409375 0.6859375 0.0125 0.04140625
53 0.4234375 0.68671875 0.01328125 0.04140625
33 0.43828125 0.6875 0.0140625 0.04296875