0 0.37578125 0.6359375 0.01875 0.046875
0 0.38984375 0.6375 0.015625 0.0453125
33 0.40390625 0.63984375 0.0171875 0.0375
55 0.41875 0.63984375 0.0171875 0.0375
33 0.434375 0.6390625 0.015625 0.0390625
35 0.44765625 0.63828125 0.015625 0.0375
29 0.46171875 0.63828125 0.0171875 0.0390625
57 0.478125 0.63828125 0.015625 0.034375
19 0.49453125 0.63671875 0.015625 0.034375
35 0.5109375 0.63515625 0.015625 0.0328125
31 0.528125 0.63671875 0.0140625 0.034375
55 0.5421875 0.6375 0.015625 0.0359375
0 0.57109375 0.63671875 0.015625 0.034375
0 0.58515625 0.63671875 0.0140625 0.034375
57 0.60078125 0.6359375 0.015625 0.034375
41 0.615625 0.63515625 0.015625 0.034375
41 0.6296875 0.63515625 0.0140625 0.034375
43 0.64453125 0.6359375 0.01875 0.0359375
0 0.296875 0.68515625 0.01875 0.0421875
0 0.31171875 0.6859375 0.015625 0.0421875
31 0.32734375 0.6875 0.01875 0.04375
40 0.34296875 0.68671875 0.0171875 0.04375
38 0.35859375 0.6875 0.0171875 0.0421875
41 0.375 0.6875 0.0171875 0.0390625
57 0.39140625 0.68828125 0.0171875 0.0390625
19 0.40703125 0.68828125 0.0171875 0.0390625
42 0.42265625 0.6890625 0.0171875 0.040625
52 0.43984375 0.6875 0.01875 0.0390625
0 0.46953125 0.68671875 0.0171875 0.034375
0 0.484375 0.6875 0.015625 0.034375
59 0.5015625 0.68515625 0.0171875 0.0359375
54 0.5171875 0.6859375 0.015625 0.0375
27 0.53203125 0.6859375 0.0171875 0.0390625
41 0.54765625 0.68515625 0.015625 0.0375
45 0.5625 0.68359375 0.0171875 0.0390625
45 0.578125 0.68359375 0.015625 0.0375
33 0.59296875 0.6828125 0.0171875 0.0390625
55 0.6078125 0.68203125 0.015625 0.0359375
0 0.63671875 0.68203125 0.0171875 0.034375
0 0.65 0.68203125 0.0140625 0.03125
41 0.66484375 0.67890625 0.0140625 0.0359375
45 0.67890625 0.67890625 0.0140625 0.034375
55 0.69375 0.6796875 0.015625 0.034375
46 0.70703125 0.6796875 0.015625 0.0328125