43 0.42109375 0.690625 0.01875 0.0671875
59 0.43828125 0.7 0.01875 0.0640625
19 0.45703125 0.709375 0.01875 0.065625
57 0.47734375 0.721875 0.0203125 0.075
33 0.49921875 0.72890625 0.021875 0.075
27 0.52265625 0.74453125 0.025 0.0875
10 0.54765625 0.7546875 0.025 0.084375
0 0.56875 0.771875 0.01875 0.084375
0 0.63359375 0.80546875 0.028125 0.090625
0 0.66875 0.82109375 0.028125 0.09375
57 0.7078125 0.83515625 0.03125 0.103125
41 0.74765625 0.85625 0.034375 0.10625
41 0.79375 0.87265625 0.0375 0.1125
43 0.83984375 0.90234375 0.0453125 0.11875