43 0.4203125 0.6875 0.0171875 0.06953125
59 0.43984375 0.6984375 0.0171875 0.06875
19 0.4578125 0.7046875 0.0171875 0.06953125
57 0.47734375 0.7171875 0.01953125 0.07890625
33 0.49921875 0.7296875 0.02109375 0.0828125
27 0.5234375 0.74375 0.02265625 0.078125
10 0.5484375 0.7578125 0.025 0.0796875
0 0.56796875 0.76953125 0.01875 0.078125
0 0.63359375 0.7953125 0.0328125 0.10625
0 0.6671875 0.8140625 0.03125 0.1046875
57 0.70625 0.83046875 0.0328125 0.10390625
41 0.74609375 0.8515625 0.0328125 0.1109375
41 0.7875 0.86875 0.03515625 0.1234375
43 0.83671875 0.8921875 0.0421875 0.1203125