0 0.371875 0.62578125 0.0203125 0.0484375
0 0.38828125 0.6265625 0.0171875 0.04375
33 0.40234375 0.6296875 0.0171875 0.0421875
55 0.4171875 0.63046875 0.01875 0.0375
33 0.43125 0.6296875 0.01875 0.040625
35 0.44453125 0.6328125 0.0171875 0.0359375
29 0.45859375 0.6328125 0.01875 0.0375
57 0.47578125 0.634375 0.0171875 0.0359375
19 0.48984375 0.634375 0.01875 0.0390625
35 0.50625 0.634375 0.0171875 0.0359375
31 0.521875 0.63515625 0.0171875 0.0359375
55 0.53671875 0.63515625 0.0171875 0.0359375
0 0.565625 0.63671875 0.0171875 0.034375
0 0.5796875 0.63671875 0.015625 0.0359375
57 0.59453125 0.6359375 0.0171875 0.0359375
41 0.609375 0.6359375 0.015625 0.0375
41 0.6234375 0.6359375 0.0171875 0.0375
43 0.63671875 0.63671875 0.015625 0.0375
0 0.2953125 0.6734375 0.0203125 0.0421875
0 0.3109375 0.675 0.0171875 0.0390625
31 0.3265625 0.67578125 0.0171875 0.0390625
40 0.34140625 0.678125 0.01875 0.0390625
38 0.35703125 0.67734375 0.0171875 0.0390625
41 0.371875 0.678125 0.01875 0.0375
57 0.38828125 0.67890625 0.01875 0.0375
19 0.40546875 0.678125 0.01875 0.0390625
42 0.4203125 0.6796875 0.0171875 0.0359375
52 0.43671875 0.67890625 0.01875 0.0375
0 0.4640625 0.68125 0.0171875 0.0390625
0 0.47890625 0.68125 0.015625 0.0375
59 0.49609375 0.68203125 0.0171875 0.0421875
54 0.51171875 0.6828125 0.01875 0.0390625
27 0.5265625 0.68203125 0.015625 0.0375
41 0.53984375 0.68125 0.015625 0.0390625
45 0.55546875 0.68046875 0.0171875 0.040625
45 0.571875 0.68203125 0.0203125 0.040625
33 0.5859375 0.684375 0.0171875 0.040625
55 0.60234375 0.68359375 0.0203125 0.0390625
0 0.62578125 0.68046875 0.01875 0.040625
0 0.640625 0.68125 0.015625 0.0375
41 0.6546875 0.6828125 0.01875 0.040625
45 0.6703125 0.68203125 0.015625 0.0390625
55 0.684375 0.68203125 0.015625 0.0359375
46 0.6984375 0.68203125 0.01875 0.034375