27 0.31171875 0.31328125 0.0578125 0.0578125
39 0.365625 0.30234375 0.0546875 0.0546875
41 0.4265625 0.29609375 0.0515625 0.0515625
59 0.484375 0.2859375 0.0515625 0.05
21 0.54453125 0.27578125 0.0515625 0.0515625
33 0.6 0.2671875 0.05 0.05
21 0.38203125 0.3796875 0.053125 0.053125
31 0.4375 0.37109375 0.0578125 0.053125
42 0.49453125 0.36328125 0.053125 0.0515625
42 0.55078125 0.353125 0.0515625 0.0515625
51 0.28828125 0.46875 0.0546875 0.0546875
33 0.34609375 0.4609375 0.0515625 0.053125
27 0.40078125 0.45234375 0.0546875 0.05625
29 0.4609375 0.44375 0.0515625 0.0546875
19 0.51875 0.4375 0.0515625 0.05625
56 0.575 0.42890625 0.05 0.0515625
31 0.6328125 0.41953125 0.0515625 0.0484375
55 0.684375 0.41171875 0.0453125 0.0515625