14 0.37265625 0.6609375 0.0203125 0.0484375
31 0.3875 0.65859375 0.0203125 0.0421875
47 0.40234375 0.659375 0.021875 0.046875
53 0.41875 0.6578125 0.0203125 0.0421875
0 0.44453125 0.65546875 0.021875 0.046875
0 0.45859375 0.65390625 0.0203125 0.046875
51 0.475 0.6546875 0.0203125 0.046875
41 0.4890625 0.6546875 0.0234375 0.0484375
41 0.5046875 0.65546875 0.0203125 0.046875
37 0.51875 0.65234375 0.021875 0.046875
0 0.546875 0.64765625 0.0234375 0.0484375
0 0.5625 0.64765625 0.021875 0.05
27 0.5765625 0.64765625 0.0234375 0.0484375
54 0.59296875 0.64765625 0.0203125 0.0484375
56 0.60703125 0.64765625 0.021875 0.0484375
19 0.621875 0.6453125 0.021875 0.05
35 0.6375 0.64375 0.021875 0.046875
33 0.653125 0.6421875 0.0234375 0.0515625
0 0.68203125 0.63828125 0.0234375 0.0546875
0 0.696875 0.6375 0.0234375 0.053125
35 0.71328125 0.6390625 0.021875 0.0515625
13 0.72890625 0.6390625 0.021875 0.0515625
29 0.74375 0.6375 0.0234375 0.05
0 0.38359375 0.7171875 0.021875 0.04375
0 0.39765625 0.71640625 0.0203125 0.04375
38 0.41171875 0.71484375 0.0234375 0.046875
41 0.4265625 0.71328125 0.01875 0.04375
57 0.44140625 0.71171875 0.021875 0.0453125
31 0.45625 0.7109375 0.0203125 0.0484375
53 0.46953125 0.71171875 0.0203125 0.04375
33 0.484375 0.7109375 0.0203125 0.0453125