59 0.04921875 0.3765625 0.0328125 0.065625
33 0.078125 0.37890625 0.0328125 0.059375
57 0.10625 0.378125 0.0328125 0.0578125
27 0.1359375 0.37265625 0.0296875 0.0578125
33 0.1625 0.37734375 0.0328125 0.059375
56 0.19375 0.3734375 0.034375 0.0640625
33 0.215625 0.378125 0.03125 0.0546875
57 0.240625 0.3734375 0.0296875 0.0546875
31 0.2625 0.38203125 0.0234375 0.0515625
45 0.28671875 0.38359375 0.03125 0.0515625
35 0.31171875 0.3859375 0.028125 0.0515625
33 0.33828125 0.3890625 0.034375 0.059375
35 0.4328125 0.415625 0.03125 0.0578125
41 0.46171875 0.42421875 0.0375 0.0640625
40 0.48984375 0.42265625 0.0359375 0.0671875
57 0.5140625 0.42109375 0.03125 0.0640625
31 0.53828125 0.41875 0.0328125 0.071875
53 0.56640625 0.425 0.034375 0.0578125
33 0.59453125 0.42265625 0.0390625 0.0796875
55 0.6671875 0.484375 0.0421875 0.0734375
19 0.69921875 0.4859375 0.0375 0.0765625
51 0.72734375 0.48046875 0.03125 0.065625
33 0.75390625 0.48984375 0.0390625 0.0703125
21 0.275 0.55390625 0.0421875 0.08125
40 0.3078125 0.5546875 0.0375 0.065625
27 0.3375 0.55 0.0359375 0.08125
29 0.36953125 0.54921875 0.040625 0.071875
19 0.3984375 0.54375 0.03125 0.0609375
35 0.42578125 0.54921875 0.034375 0.0609375
33 0.45390625 0.55625 0.0421875 0.0703125