14 0.5 0.30703125 0.0140625 0.0328125
47 0.51328125 0.31015625 0.015625 0.034375
14 0.715625 0.35234375 0.015625 0.0328125
35 0.73046875 0.35625 0.015625 0.034375
2 0.6859375 0.52890625 0.015625 0.034375
43 0.70078125 0.53125 0.0171875 0.0328125
2 0.553125 0.678125 0.0140625 0.03125
55 0.56484375 0.68046875 0.0140625 0.028125
55 0.5765625 0.6828125 0.015625 0.028125
35 0.621875 0.8546875 0.0140625 0.03125
55 0.634375 0.85703125 0.0140625 0.028125
41 0.6453125 0.86015625 0.015625 0.028125
27 0.6578125 0.86171875 0.0140625 0.03125
33 0.6703125 0.86484375 0.015625 0.03125
41 0.43125 0.8078125 0.015625 0.03125
59 0.44375 0.8109375 0.0140625 0.028125
16 0.45546875 0.81171875 0.0140625 0.03125
31 0.40703125 0.9609375 0.0140625 0.028125
55 0.41875 0.96328125 0.0140625 0.0296875
13 0.43046875 0.96484375 0.0140625 0.0296875
43 0.440625 0.96796875 0.015625 0.028125