43 0.43359375 0.6921875 0.0203125 0.06875
59 0.45390625 0.7015625 0.0234375 0.0703125
19 0.47265625 0.70625 0.021875 0.065625
57 0.49296875 0.7203125 0.0234375 0.0765625
33 0.51484375 0.7265625 0.028125 0.078125
27 0.53984375 0.73984375 0.03125 0.0875
10 0.56640625 0.75 0.028125 0.0859375
0 0.5859375 0.76015625 0.021875 0.084375
0 0.65078125 0.778125 0.0390625 0.121875
0 0.68828125 0.803125 0.040625 0.1015625
57 0.7265625 0.81640625 0.0390625 0.103125
41 0.76796875 0.83046875 0.040625 0.1078125
41 0.809375 0.846875 0.05 0.115625
43 0.8625 0.86640625 0.0515625 0.1265625