0 0.32578125 0.2875 0.0453125 0.08125
27 0.36875 0.2921875 0.0484375 0.0828125
41 0.40859375 0.29609375 0.0421875 0.08125
43 0.45 0.30078125 0.04375 0.0796875
33 0.48984375 0.30546875 0.0390625 0.078125
27 0.56875 0.31484375 0.05 0.0859375
33 0.61171875 0.3171875 0.0453125 0.090625
33 0.653125 0.3234375 0.0453125 0.0890625
31 0.37421875 0.42890625 0.046875 0.0953125
22 0.45625 0.43203125 0.0453125 0.0890625
33 0.496875 0.43515625 0.040625 0.0796875
33 0.53359375 0.43984375 0.040625 0.0828125
37 0.575 0.4390625 0.04375 0.0859375
23 0.6203125 0.44296875 0.0484375 0.0859375
27 0.32890625 0.54140625 0.0484375 0.0890625
41 0.36875 0.54609375 0.0453125 0.0859375
43 0.40703125 0.55 0.040625 0.0828125
33 0.44609375 0.55625 0.04375 0.08125
27 0.5296875 0.5609375 0.0421875 0.078125
33 0.57109375 0.565625 0.040625 0.078125
33 0.6109375 0.56875 0.0453125 0.0828125
31 0.3265625 0.67734375 0.046875 0.084375
22 0.4046875 0.684375 0.046875 0.08125
19 0.44921875 0.68828125 0.04375 0.0828125
27 0.4890625 0.690625 0.04375 0.0859375
49 0.53203125 0.6953125 0.0421875 0.0828125
18 0.57421875 0.696875 0.0421875 0.0875