0 0.3828125 0.6421875 0.0171875 0.03828125
0 0.3984375 0.6421875 0.0140625 0.0375
33 0.4125 0.6421875 0.01484375 0.0375
55 0.428125 0.6421875 0.0140625 0.0359375
33 0.44140625 0.640625 0.0140625 0.0359375
35 0.45546875 0.63984375 0.01484375 0.0390625
29 0.46953125 0.63828125 0.0140625 0.0375
57 0.4859375 0.63984375 0.0125 0.03671875
19 0.5015625 0.6359375 0.0140625 0.03671875
35 0.51875 0.6359375 0.01640625 0.0390625
31 0.534375 0.634375 0.0140625 0.0421875
55 0.5484375 0.63359375 0.01328125 0.03671875
0 0.57734375 0.63125 0.01484375 0.03671875
0 0.59140625 0.63125 0.01328125 0.034375
57 0.60703125 0.62890625 0.0140625 0.03515625
41 0.621875 0.628125 0.0125 0.03359375
41 0.63515625 0.62890625 0.0125 0.0390625
43 0.65 0.62734375 0.01640625 0.0375
0 0.30859375 0.69296875 0.01640625 0.04609375
0 0.325 0.6921875 0.0140625 0.04375
31 0.33984375 0.69453125 0.015625 0.03984375
40 0.35546875 0.69375 0.0140625 0.03828125
38 0.3703125 0.6921875 0.0140625 0.03515625
41 0.3859375 0.690625 0.01484375 0.03828125
57 0.40234375 0.68984375 0.01640625 0.03984375
19 0.41875 0.6890625 0.0140625 0.03984375
42 0.43359375 0.68828125 0.015625 0.03828125
52 0.45 0.68828125 0.0140625 0.0390625
0 0.4796875 0.684375 0.0140625 0.0359375
0 0.49375 0.68359375 0.0140625 0.0375
59 0.51171875 0.6828125 0.01640625 0.034375
54 0.52734375 0.68125 0.01484375 0.0375
27 0.5421875 0.68046875 0.0140625 0.0359375
41 0.55703125 0.68046875 0.0140625 0.0375
45 0.571875 0.67890625 0.0140625 0.03515625
45 0.58671875 0.67890625 0.0140625 0.03515625
33 0.60234375 0.6765625 0.0140625 0.03671875
55 0.61640625 0.675 0.01328125 0.03515625
0 0.64453125 0.6734375 0.01328125 0.03515625
0 0.6578125 0.67109375 0.0125 0.0328125
41 0.671875 0.6703125 0.01484375 0.03671875
45 0.68671875 0.6703125 0.0140625 0.03671875
55 0.7015625 0.66875 0.0140625 0.0328125
46 0.71484375 0.66640625 0.01484375 0.03515625