0 0.18828125 0.225 0.0359375 0.0625
22 0.22265625 0.21875 0.040625 0.0609375
33 0.25546875 0.2140625 0.0390625 0.0625
31 0.2953125 0.21484375 0.034375 0.053125
57 0.32890625 0.21328125 0.0390625 0.0640625
33 0.3640625 0.20859375 0.040625 0.05625
31 0.40234375 0.20703125 0.0359375 0.053125
55 0.43125 0.1984375 0.0390625 0.0640625
55 0.4640625 0.19921875 0.04375 0.0625
0 0.521875 0.41484375 0.0421875 0.0640625
31 0.559375 0.409375 0.0375 0.0640625
57 0.59140625 0.41171875 0.0375 0.059375
29 0.6234375 0.4046875 0.034375 0.0546875
19 0.6546875 0.40390625 0.0421875 0.065625
27 0.68359375 0.39765625 0.0328125 0.0578125
29 0.71015625 0.3953125 0.040625 0.0640625
27 0.746875 0.38984375 0.0421875 0.0625
29 0.2171875 0.60703125 0.0375 0.059375
41 0.25078125 0.61171875 0.0421875 0.06875
29 0.303125 0.60078125 0.0453125 0.0703125
49 0.3359375 0.6 0.040625 0.059375
33 0.36796875 0.58828125 0.0359375 0.0671875
55 0.415625 0.5890625 0.0359375 0.0671875
33 0.45 0.58671875 0.034375 0.05625
56 0.48125 0.58515625 0.0390625 0.0625
33 0.515625 0.58046875 0.040625 0.0609375
55 0.5484375 0.575 0.0375 0.0578125
22 0.59609375 0.5765625 0.040625 0.059375
33 0.628125 0.56953125 0.0375 0.0609375
59 0.6796875 0.56484375 0.0421875 0.0609375
33 0.7109375 0.56015625 0.0359375 0.0609375
57 0.74296875 0.55625 0.0390625 0.0703125
43 0.77734375 0.55 0.046875 0.06875
19 0.81015625 0.55078125 0.034375 0.0546875
29 0.840625 0.5453125 0.0375 0.0640625
18 0.87734375 0.5453125 0.05 0.06875
0 0.6921875 0.68828125 0.0421875 0.065625
49 0.7265625 0.68203125 0.0375 0.059375
19 0.76015625 0.678125 0.040625 0.0609375
55 0.79140625 0.6765625 0.0421875 0.071875
29 0.82890625 0.67421875 0.0421875 0.0734375
41 0.86015625 0.67421875 0.0359375 0.065625
45 0.89375 0.66796875 0.0421875 0.0640625