19 0.21484375 0.29453125 0.034375 0.19765625
49 0.278125 0.325 0.03125 0.190625
41 0.309375 0.33515625 0.028125 0.184375
45 0.3375 0.35078125 0.025 0.175
41 0.365625 0.36328125 0.02890625 0.16796875
40 0.39453125 0.375 0.02421875 0.159375
57 0.421875 0.384375 0.0265625 0.159375
29 0.4765625 0.4046875 0.02578125 0.1546875
49 0.503125 0.415625 0.0234375 0.15
33 0.52890625 0.4328125 0.025 0.16171875
59 0.575 0.46015625 0.025 0.14296875
55 0.59921875 0.478125 0.01953125 0.13828125
31 0.62265625 0.484375 0.02421875 0.11796875
35 0.646875 0.5046875 0.02109375 0.140625
33 0.67109375 0.51484375 0.025 0.14296875
19 0.709375 0.5453125 0.02578125 0.1546875
45 0.734375 0.55546875 0.02265625 0.14296875
46 0.771875 0.56953125 0.02109375 0.13828125
41 0.79296875 0.575 0.01796875 0.12265625
40 0.815625 0.58828125 0.02421875 0.13671875
22 0.32421875 0.725 0.0265625 0.15
49 0.35234375 0.734375 0.02734375 0.1546875
33 0.38203125 0.74453125 0.02734375 0.16171875
57 0.40859375 0.759375 0.0234375 0.1546875
33 0.43671875 0.77265625 0.02890625 0.1546875
27 0.48828125 0.78671875 0.0265625 0.159375
59 0.5140625 0.7921875 0.02421875 0.13828125
19 0.5375 0.8046875 0.02265625 0.1453125
57 0.5625 0.809375 0.0234375 0.13203125
19 0.5875 0.81796875 0.0234375 0.13203125
29 0.61171875 0.83203125 0.021875 0.13203125
55 0.65625 0.84296875 0.02421875 0.13203125
19 0.678125 0.85078125 0.01875 0.134375
56 0.70078125 0.8625 0.01953125 0.125
33 0.72265625 0.86796875 0.021875 0.13203125
27 0.74453125 0.87578125 0.02421875 0.1296875