0 0.38359375 0.63984375 0.01796875 0.03984375
0 0.39921875 0.6390625 0.0140625 0.040625
33 0.41328125 0.63984375 0.015625 0.03828125
55 0.42890625 0.6390625 0.01484375 0.0421875
33 0.44296875 0.6375 0.01484375 0.0375
35 0.45625 0.63828125 0.01328125 0.03828125
29 0.4703125 0.63671875 0.01484375 0.03515625
57 0.4859375 0.63671875 0.01484375 0.03828125
19 0.5015625 0.634375 0.0140625 0.03828125
35 0.51875 0.6328125 0.0140625 0.03828125
31 0.53359375 0.63359375 0.0140625 0.0359375
55 0.54921875 0.63125 0.01484375 0.03359375
0 0.5765625 0.63046875 0.01640625 0.03359375
0 0.59140625 0.6296875 0.0109375 0.0328125
57 0.60625 0.6265625 0.0125 0.03359375
41 0.62109375 0.6265625 0.01171875 0.0359375
41 0.63359375 0.625 0.01328125 0.03671875
43 0.64765625 0.62578125 0.01640625 0.03671875
0 0.31015625 0.6921875 0.01953125 0.03984375
0 0.32578125 0.69140625 0.01484375 0.040625
31 0.3421875 0.6921875 0.01484375 0.03828125
40 0.35703125 0.6890625 0.015625 0.0375
38 0.371875 0.6890625 0.015625 0.03359375
41 0.38671875 0.6890625 0.0140625 0.0359375
57 0.4046875 0.6875 0.015625 0.0375
19 0.41875 0.68828125 0.01484375 0.040625
42 0.434375 0.68671875 0.01328125 0.03984375
52 0.4515625 0.684375 0.01796875 0.034375
0 0.4796875 0.6828125 0.015625 0.0390625
0 0.49453125 0.68359375 0.01328125 0.03984375
59 0.51015625 0.6828125 0.015625 0.03984375
54 0.52734375 0.67890625 0.0140625 0.0359375
27 0.5421875 0.6796875 0.01484375 0.0390625
41 0.5578125 0.67890625 0.0140625 0.03984375
45 0.5703125 0.6765625 0.0140625 0.03671875
45 0.58671875 0.67734375 0.01484375 0.0390625
33 0.6015625 0.6765625 0.01328125 0.0390625
55 0.61640625 0.6734375 0.01640625 0.03671875
0 0.640625 0.66875 0.01796875 0.0375
0 0.65546875 0.66796875 0.01328125 0.034375
41 0.6703125 0.66796875 0.0140625 0.03671875
45 0.68515625 0.665625 0.0125 0.03359375
55 0.69921875 0.66640625 0.0125 0.03671875
46 0.7125 0.6640625 0.01484375 0.03359375