14 0.340625 0.6328125 0.01875 0.0484375
31 0.35625 0.634375 0.0171875 0.04375
47 0.37109375 0.6359375 0.015625 0.04375
53 0.3859375 0.63828125 0.0171875 0.0453125
0 0.4109375 0.64140625 0.0171875 0.05
0 0.42578125 0.6453125 0.0171875 0.046875
51 0.44140625 0.6484375 0.015625 0.0453125
41 0.45625 0.65078125 0.0171875 0.0453125
41 0.4703125 0.65234375 0.015625 0.0453125
37 0.48515625 0.65234375 0.0171875 0.04375
0 0.51328125 0.66171875 0.015625 0.0453125
0 0.528125 0.6625 0.0171875 0.046875
27 0.54296875 0.6640625 0.0171875 0.0484375
54 0.5578125 0.66796875 0.0140625 0.0453125
56 0.571875 0.67109375 0.0171875 0.046875
19 0.58671875 0.67109375 0.0171875 0.046875
35 0.60234375 0.67421875 0.01875 0.0453125
33 0.6171875 0.6765625 0.01875 0.046875
0 0.64609375 0.68359375 0.01875 0.046875
0 0.6625 0.684375 0.0171875 0.0453125
35 0.6765625 0.6859375 0.015625 0.04375
13 0.690625 0.6890625 0.0171875 0.0484375
29 0.70703125 0.68984375 0.01875 0.0546875
0 0.33828125 0.68984375 0.015625 0.0453125
0 0.35234375 0.690625 0.015625 0.046875
38 0.3671875 0.69453125 0.0140625 0.04375
41 0.38125 0.69765625 0.015625 0.0421875
57 0.39609375 0.6984375 0.015625 0.04375
31 0.409375 0.7015625 0.01875 0.0453125
53 0.4234375 0.703125 0.015625 0.04375
33 0.43828125 0.70625 0.0171875 0.0453125