43 0.39375 0.67734375 0.0265625 0.071875
59 0.4109375 0.68984375 0.0296875 0.0703125
19 0.42890625 0.703125 0.025 0.065625
57 0.44765625 0.71640625 0.0265625 0.0765625
33 0.46640625 0.73359375 0.03125 0.0828125
27 0.48984375 0.746875 0.0328125 0.0859375
10 0.51171875 0.76171875 0.0359375 0.0890625
0 0.53046875 0.7828125 0.0296875 0.0765625
0 0.59296875 0.82890625 0.0390625 0.0875
0 0.62421875 0.8515625 0.0375 0.0828125
57 0.6609375 0.8640625 0.0453125 0.1046875
41 0.69765625 0.8890625 0.046875 0.10625
41 0.73828125 0.91640625 0.0484375 0.115625
43 0.784375 0.93984375 0.0625 0.1203125