14 0.47578125 0.309375 0.009375 0.0265625
47 0.4875 0.309375 0.01015625 0.0265625
14 0.69609375 0.3296875 0.0109375 0.0265625
35 0.709375 0.33046875 0.0109375 0.0296875
2 0.57421875 0.671875 0.01015625 0.02890625
55 0.5859375 0.671875 0.0109375 0.02890625
55 0.59765625 0.6734375 0.0125 0.02578125
2 0.68828125 0.50625 0.0109375 0.0296875
43 0.7015625 0.50625 0.01484375 0.0296875
41 0.46875 0.81328125 0.01171875 0.02890625
59 0.48046875 0.81640625 0.01015625 0.025
16 0.4921875 0.8171875 0.0109375 0.02890625
35 0.66328125 0.83828125 0.01015625 0.0265625
55 0.67578125 0.83828125 0.01015625 0.0265625
41 0.6875 0.840625 0.01015625 0.0265625
27 0.7 0.83984375 0.0109375 0.03046875
33 0.7125 0.84140625 0.01015625 0.0265625
31 0.4625 0.97109375 0.01171875 0.0265625
55 0.47421875 0.97109375 0.01015625 0.02734375
13 0.48671875 0.97265625 0.0109375 0.02734375
43 0.4984375 0.97421875 0.0109375 0.02890625