0 0.25078125 0.57890625 0.0234375 0.03515625
45 0.27421875 0.5765625 0.02109375 0.0390625
41 0.3 0.575 0.0234375 0.0359375
31 0.325 0.57109375 0.021875 0.03359375
49 0.34921875 0.5703125 0.021875 0.0375
3 0.3921875 0.5640625 0.02578125 0.0359375
60 0.4203125 0.5625 0.0296875 0.0328125
0 0.4609375 0.5546875 0.02109375 0.034375
27 0.4875 0.55234375 0.02578125 0.03515625
19 0.5125 0.5515625 0.021875 0.03828125
43 0.53671875 0.54921875 0.02265625 0.03515625
41 0.56015625 0.5453125 0.02265625 0.034375
45 0.5859375 0.53984375 0.0265625 0.03984375