43 0.434375 0.6921875 0.021875 0.0671875
59 0.453125 0.703125 0.0234375 0.06875
19 0.471875 0.70625 0.0203125 0.0671875
57 0.49296875 0.72109375 0.0234375 0.0765625
33 0.515625 0.72578125 0.025 0.078125
27 0.54296875 0.740625 0.0296875 0.0828125
10 0.56875 0.7515625 0.028125 0.0796875
0 0.5875 0.76484375 0.0234375 0.078125
0 0.65625 0.79453125 0.034375 0.0890625
0 0.69140625 0.8109375 0.03125 0.0921875
57 0.728125 0.8171875 0.040625 0.10625
41 0.7671875 0.83203125 0.04375 0.1140625
41 0.81328125 0.84921875 0.04375 0.1171875
43 0.86171875 0.87109375 0.0515625 0.1234375