0 0.365625 0.62421875 0.0234375 0.0453125
0 0.3828125 0.6265625 0.01875 0.0421875
33 0.396875 0.62734375 0.01875 0.040625
55 0.41171875 0.6296875 0.01875 0.0421875
33 0.42578125 0.6296875 0.0203125 0.040625
35 0.4390625 0.63125 0.01875 0.0359375
29 0.453125 0.63125 0.0203125 0.040625
57 0.46953125 0.634375 0.01875 0.040625
19 0.48515625 0.63515625 0.021875 0.040625
35 0.5015625 0.63515625 0.0203125 0.040625
31 0.5171875 0.63671875 0.01875 0.034375
55 0.53203125 0.63671875 0.0203125 0.040625
0 0.5609375 0.63828125 0.0203125 0.040625
0 0.575 0.640625 0.01875 0.0421875
57 0.590625 0.640625 0.01875 0.0375
41 0.60546875 0.64140625 0.01875 0.0375
41 0.61875 0.64140625 0.0171875 0.0390625
43 0.63359375 0.6421875 0.01875 0.0375
0 0.28671875 0.665625 0.0234375 0.05
0 0.303125 0.66640625 0.0203125 0.0484375
31 0.31875 0.671875 0.0203125 0.0421875
40 0.334375 0.67265625 0.01875 0.0359375
38 0.34765625 0.67421875 0.01875 0.0375
41 0.36328125 0.675 0.0203125 0.0390625
57 0.38125 0.6765625 0.021875 0.0421875
19 0.39609375 0.67578125 0.0171875 0.0390625
42 0.4109375 0.6796875 0.0203125 0.0421875
52 0.428125 0.67890625 0.021875 0.0390625
0 0.45703125 0.68203125 0.01875 0.034375
0 0.47265625 0.68359375 0.015625 0.034375
59 0.48828125 0.68203125 0.01875 0.0390625
54 0.5046875 0.684375 0.021875 0.0421875
27 0.52265625 0.68359375 0.0203125 0.0421875
41 0.534375 0.6859375 0.015625 0.0390625
45 0.55 0.6859375 0.0171875 0.034375
45 0.5640625 0.6859375 0.0171875 0.034375
33 0.578125 0.6875 0.01875 0.0390625
55 0.59296875 0.68515625 0.0171875 0.0375
0 0.6203125 0.68671875 0.021875 0.0421875
0 0.6359375 0.6890625 0.0171875 0.0390625
41 0.65078125 0.68671875 0.01875 0.040625
45 0.665625 0.69140625 0.0171875 0.0359375
55 0.67890625 0.68984375 0.01875 0.0390625
46 0.6921875 0.68984375 0.01875 0.0375