0 0.2359375 0.53203125 0.02734375 0.04140625
45 0.26875 0.534375 0.0296875 0.03984375
41 0.303125 0.5328125 0.03125 0.0421875
31 0.33515625 0.53203125 0.02734375 0.0421875
49 0.365625 0.53203125 0.0296875 0.0453125
3 0.4203125 0.53046875 0.028125 0.04375
60 0.4546875 0.52890625 0.0296875 0.040625
0 0.50234375 0.5265625 0.02890625 0.040625
27 0.53671875 0.52578125 0.0296875 0.0421875
19 0.56796875 0.52578125 0.0265625 0.0421875
43 0.60078125 0.52578125 0.028125 0.040625
41 0.6296875 0.52421875 0.028125 0.04296875
45 0.66171875 0.52421875 0.02890625 0.04140625