0 0.3828125 0.6421875 0.015625 0.04609375
0 0.396875 0.64296875 0.0140625 0.04453125
33 0.41171875 0.64453125 0.01484375 0.0375
55 0.4265625 0.64375 0.01484375 0.03671875
33 0.44140625 0.6421875 0.0140625 0.0390625
35 0.4546875 0.640625 0.0140625 0.0375
29 0.46875 0.63984375 0.01484375 0.03828125
57 0.48515625 0.6390625 0.01328125 0.034375
19 0.5015625 0.63671875 0.0140625 0.034375
35 0.51796875 0.634375 0.01328125 0.0328125
31 0.53515625 0.63515625 0.0125 0.034375
55 0.54921875 0.63515625 0.01328125 0.03515625
0 0.578125 0.6328125 0.01328125 0.03359375
0 0.5921875 0.63203125 0.0125 0.03359375
57 0.6078125 0.63046875 0.01328125 0.03359375
41 0.62265625 0.62890625 0.01328125 0.03359375
41 0.63671875 0.628125 0.0125 0.03359375
43 0.6515625 0.628125 0.01640625 0.03515625
0 0.30703125 0.6953125 0.01640625 0.04140625
0 0.321875 0.6953125 0.0140625 0.0421875
31 0.3375 0.69609375 0.0171875 0.0421875
40 0.353125 0.69453125 0.01484375 0.04296875
38 0.36875 0.69453125 0.015625 0.0421875
41 0.38515625 0.69375 0.015625 0.0390625
57 0.4015625 0.69375 0.015625 0.0390625
19 0.4171875 0.69296875 0.01484375 0.03828125
42 0.4328125 0.69296875 0.015625 0.03984375
52 0.45 0.690625 0.01640625 0.03828125
0 0.4796875 0.68828125 0.015625 0.03359375
0 0.49453125 0.68828125 0.01328125 0.03359375
59 0.5109375 0.68515625 0.015625 0.03515625
54 0.5265625 0.68515625 0.0140625 0.03671875
27 0.54140625 0.684375 0.01484375 0.0390625
41 0.55703125 0.68203125 0.01328125 0.03671875
45 0.571875 0.68046875 0.01484375 0.03828125
45 0.5875 0.67890625 0.0140625 0.0375
33 0.60234375 0.67734375 0.015625 0.0390625
55 0.6171875 0.67578125 0.0140625 0.0359375
0 0.64609375 0.675 0.01484375 0.03359375
0 0.659375 0.67421875 0.0125 0.03125
41 0.67421875 0.6703125 0.01171875 0.03515625
45 0.68828125 0.66953125 0.01171875 0.034375
55 0.703125 0.66953125 0.01328125 0.034375
46 0.71640625 0.66875 0.01328125 0.0328125