14 0.36640625 0.65390625 0.01875 0.04375
31 0.38046875 0.6515625 0.01875 0.04375
47 0.39453125 0.65234375 0.01875 0.040625
53 0.409375 0.65078125 0.0203125 0.04375
0 0.43671875 0.65078125 0.0203125 0.046875
0 0.4515625 0.6484375 0.0203125 0.046875
51 0.46640625 0.64921875 0.0203125 0.04375
41 0.48203125 0.6515625 0.0203125 0.046875
41 0.496875 0.64921875 0.021875 0.05
37 0.5125 0.65 0.021875 0.0484375
0 0.53984375 0.646875 0.021875 0.0515625
0 0.5546875 0.64375 0.0203125 0.0515625
27 0.56953125 0.64609375 0.0203125 0.05
54 0.58515625 0.64921875 0.0203125 0.0484375
56 0.5984375 0.64609375 0.0203125 0.0484375
19 0.615625 0.646875 0.021875 0.05
35 0.63125 0.64609375 0.021875 0.05
33 0.64609375 0.64453125 0.021875 0.05
0 0.675 0.64609375 0.021875 0.05
0 0.690625 0.64453125 0.021875 0.0484375
35 0.70625 0.64375 0.021875 0.0515625
13 0.721875 0.6453125 0.0203125 0.05
29 0.7390625 0.64453125 0.0234375 0.046875
0 0.3734375 0.71015625 0.0203125 0.04375
0 0.38828125 0.709375 0.0203125 0.0453125
38 0.403125 0.70859375 0.01875 0.046875
41 0.4171875 0.70859375 0.0203125 0.0453125
57 0.43046875 0.70703125 0.0171875 0.0453125
31 0.44609375 0.70546875 0.0203125 0.046875
53 0.46015625 0.70625 0.01875 0.0453125
33 0.475 0.70703125 0.021875 0.0453125