19 0.2109375 0.29921875 0.0375 0.1984375
49 0.275 0.32890625 0.034375 0.190625
41 0.30625 0.33828125 0.03125 0.184375
45 0.33515625 0.35390625 0.028125 0.175
41 0.36328125 0.365625 0.03125 0.16875
40 0.3921875 0.3765625 0.0265625 0.159375
57 0.41953125 0.3859375 0.0296875 0.159375
29 0.475 0.40546875 0.028125 0.1546875
49 0.5015625 0.415625 0.0265625 0.15
33 0.52734375 0.43203125 0.028125 0.1625
59 0.57421875 0.45859375 0.028125 0.14375
55 0.5984375 0.4765625 0.021875 0.1390625
31 0.62265625 0.48203125 0.0265625 0.11875
35 0.646875 0.50234375 0.0234375 0.140625
33 0.67109375 0.51171875 0.028125 0.14375
19 0.71015625 0.54140625 0.028125 0.1546875
45 0.73515625 0.5515625 0.025 0.14375
46 0.7734375 0.56484375 0.0234375 0.1390625
41 0.79453125 0.56953125 0.0203125 0.1234375
40 0.8171875 0.5828125 0.0265625 0.1375
22 0.328125 0.728125 0.0296875 0.15
49 0.35625 0.73671875 0.0296875 0.1546875
33 0.3859375 0.746875 0.0296875 0.1625
57 0.41328125 0.7609375 0.0265625 0.1546875
33 0.44140625 0.7734375 0.03125 0.1546875
27 0.49296875 0.78671875 0.0296875 0.159375
59 0.51953125 0.7921875 0.0265625 0.1390625
19 0.54296875 0.80390625 0.025 0.1453125
57 0.56796875 0.80859375 0.025 0.1328125
19 0.59296875 0.81640625 0.025 0.1328125
29 0.6171875 0.8296875 0.0234375 0.1328125
55 0.6625 0.83984375 0.0265625 0.1328125
19 0.684375 0.84765625 0.0203125 0.134375
56 0.70703125 0.85859375 0.021875 0.125
33 0.72890625 0.8640625 0.0234375 0.1328125
27 0.75078125 0.87109375 0.0265625 0.1296875