43 0.3953125 0.678125 0.0265625 0.06875
59 0.4109375 0.68984375 0.0265625 0.065625
19 0.428125 0.7015625 0.0265625 0.0671875
57 0.446875 0.71640625 0.03125 0.0765625
33 0.4671875 0.7265625 0.03125 0.0765625
27 0.48828125 0.7453125 0.0375 0.090625
10 0.51171875 0.75859375 0.0375 0.0875
0 0.53046875 0.77890625 0.0296875 0.0875
0 0.58984375 0.82109375 0.0390625 0.09375
0 0.62265625 0.84140625 0.040625 0.096875
57 0.659375 0.8609375 0.04375 0.10625
41 0.6953125 0.8875 0.0484375 0.1109375
41 0.7390625 0.91015625 0.053125 0.1171875
43 0.78046875 0.9421875 0.0609375 0.115625