0 0.12578125 0.184375 0.0359375 0.0515625
43 0.16328125 0.1796875 0.0390625 0.0546875
31 0.2015625 0.1734375 0.040625 0.053125
46 0.240625 0.1671875 0.04375 0.053125
46 0.32109375 0.159375 0.0421875 0.0515625
41 0.35625 0.1546875 0.0375 0.046875
40 0.39609375 0.14921875 0.0359375 0.053125
55 0.48203125 0.13984375 0.040625 0.0515625
19 0.51875 0.13203125 0.0359375 0.053125
56 0.55703125 0.12890625 0.0390625 0.05
33 0.59453125 0.12265625 0.040625 0.05
31 0.67421875 0.115625 0.0390625 0.0546875
55 0.7125 0.11015625 0.0421875 0.053125
55 0.75234375 0.10390625 0.04375 0.0546875
29 0.215625 0.33828125 0.04375 0.0578125
49 0.2578125 0.334375 0.040625 0.053125
33 0.296875 0.328125 0.04375 0.0578125
37 0.38046875 0.31953125 0.040625 0.0578125
31 0.41796875 0.3125 0.0390625 0.05625
46 0.4578125 0.309375 0.0421875 0.0546875
27 0.49453125 0.30390625 0.040625 0.0546875
41 0.57265625 0.2921875 0.0390625 0.0546875
51 0.6125 0.28828125 0.0390625 0.0515625
46 0.69140625 0.278125 0.0390625 0.053125
41 0.72734375 0.2734375 0.0359375 0.053125
40 0.7671875 0.26953125 0.04375 0.053125
57 0.80625 0.265625 0.034375 0.05625
55 0.32578125 0.4984375 0.0421875 0.0515625
19 0.3671875 0.49296875 0.0375 0.053125
51 0.40390625 0.48828125 0.034375 0.053125
33 0.44375 0.4828125 0.0375 0.05
18 0.48515625 0.4765625 0.040625 0.05625