27 0.2796875 0.59765625 0.053125 0.11875
39 0.33046875 0.59140625 0.04453125 0.11484375
41 0.3796875 0.559375 0.046875 0.10546875
59 0.42734375 0.5375 0.0484375 0.103125
21 0.4828125 0.50859375 0.04765625 0.1
33 0.53125 0.49609375 0.04765625 0.1046875
21 0.63125 0.453125 0.0484375 0.11015625
31 0.6796875 0.44453125 0.04453125 0.1046875
42 0.73125 0.41796875 0.0515625 0.1015625
42 0.784375 0.40859375 0.05546875 0.10390625
51 0.3796875 0.69609375 0.05078125 0.11171875
33 0.43125 0.6828125 0.0453125 0.1015625
27 0.4828125 0.65078125 0.04765625 0.10546875
29 0.5375 0.63828125 0.04375 0.1171875
19 0.5859375 0.609375 0.04296875 0.109375
56 0.6359375 0.59921875 0.04921875 0.1015625
31 0.68046875 0.57890625 0.04296875 0.11640625
55 0.73828125 0.546875 0.06015625 0.1171875