11 0.121875 0.06015625 0.0875 0.1203125
53 0.23828125 0.0578125 0.0703125 0.115625
57 0.29296875 0.06328125 0.0640625 0.1265625
33 0.34296875 0.065625 0.0578125 0.13125
31 0.38671875 0.07109375 0.059375 0.1296875
29 0.4390625 0.078125 0.06875 0.13125
43 0.53984375 0.08984375 0.06875 0.128125
31 0.590625 0.09765625 0.0578125 0.125
45 0.64296875 0.09453125 0.0609375 0.1234375
19 0.74296875 0.11484375 0.059375 0.128125
27 0.796875 0.125 0.065625 0.134375
41 0.89140625 0.13359375 0.0640625 0.1265625
45 0.9421875 0.14140625 0.0625 0.125
33 0.98125 0.1453125 0.0375 0.125
22 0.11953125 0.1796875 0.0625 0.1234375
49 0.16796875 0.18515625 0.0578125 0.11875
41 0.2171875 0.1921875 0.0671875 0.11875
49 0.32109375 0.20234375 0.0625 0.1234375
31 0.37109375 0.2109375 0.0625 0.121875
27 0.42109375 0.215625 0.0640625 0.1234375
45 0.52421875 0.23515625 0.059375 0.1296875
41 0.56953125 0.240625 0.0625 0.1296875
29 0.61875 0.24609375 0.065625 0.1328125
55 0.7234375 0.2609375 0.059375 0.128125
41 0.7703125 0.265625 0.0625 0.1296875
27 0.8203125 0.2734375 0.06875 0.13125
29 0.871875 0.2796875 0.065625 0.1328125
49 0.10390625 0.315625 0.0625 0.134375
19 0.14921875 0.32109375 0.0640625 0.134375
27 0.1984375 0.32734375 0.065625 0.134375
35 0.3015625 0.34921875 0.0625 0.1328125
49 0.34921875 0.35703125 0.065625 0.128125
19 0.3984375 0.36171875 0.0625 0.1265625
55 0.44765625 0.371875 0.0671875 0.1296875
37 0.50546875 0.37890625 0.059375 0.1296875
7 0.55078125 0.38359375 0.0625 0.134375
27 0.60234375 0.39375 0.0734375 0.1375
49 0.70546875 0.40390625 0.0625 0.13125
33 0.75234375 0.4109375 0.0625 0.13125
31 0.8 0.4171875 0.0640625 0.128125
57 0.85546875 0.42421875 0.06875 0.1328125
29 0.90625 0.4296875 0.065625 0.1375
18 0.95703125 0.43671875 0.065625 0.1390625
26 0.06015625 0.61171875 0.0640625 0.1359375
43 0.109375 0.61875 0.065625 0.1359375
33 0.1578125 0.62578125 0.0671875 0.1375
45 0.209375 0.63203125 0.065625 0.134375
35 0.25859375 0.63828125 0.0671875 0.125
19 0.3078125 0.646875 0.0640625 0.1359375
40 0.36171875 0.653125 0.0734375 0.1421875
27 0.41328125 0.66015625 0.0703125 0.1421875
26 0.46328125 0.66640625 0.0640625 0.1421875