43 0.41953125 0.68984375 0.0171875 0.065625
59 0.4390625 0.70078125 0.01875 0.06640625
19 0.45703125 0.7078125 0.0171875 0.06328125
57 0.4765625 0.71953125 0.01796875 0.0734375
33 0.49921875 0.73125 0.01953125 0.078125
27 0.52421875 0.74609375 0.021875 0.0796875
10 0.55 0.76171875 0.02421875 0.08125
0 0.56953125 0.775 0.01875 0.07578125
0 0.6359375 0.809375 0.02578125 0.09140625
0 0.6703125 0.82578125 0.02734375 0.08671875
57 0.70703125 0.8328125 0.03125 0.10546875
41 0.74765625 0.85546875 0.03359375 0.10390625
41 0.790625 0.8796875 0.034375 0.11328125
43 0.8421875 0.896875 0.04453125 0.12109375