0 0.34140625 0.1875 0.04453125 0.10625
49 0.38671875 0.18125 0.0453125 0.10078125
31 0.4265625 0.15390625 0.03671875 0.10078125
59 0.48125 0.13828125 0.040625 0.10234375
59 0.5296875 0.1203125 0.046875 0.1046875
46 0.5796875 0.1015625 0.0515625 0.0984375
47 0.33125 0.421875 0.04375 0.0921875
19 0.384375 0.39140625 0.0453125 0.0953125
57 0.43203125 0.36640625 0.046875 0.109375
29 0.478125 0.34921875 0.0453125 0.1078125
49 0.52734375 0.328125 0.04921875 0.109375
37 0.57890625 0.3125 0.04375 0.10625
31 0.62265625 0.2921875 0.03828125 0.0953125
46 0.67421875 0.27890625 0.053125 0.10234375
15 0.7234375 0.265625 0.0421875 0.109375
0 0.484375 0.5796875 0.0453125 0.10234375
43 0.53125 0.55546875 0.0484375 0.1078125
40 0.58359375 0.53125 0.0515625 0.11484375
43 0.63125 0.53203125 0.0484375 0.09375
25 0.6796875 0.50703125 0.046875 0.096875
46 0.32265625 0.90859375 0.0546875 0.10234375
41 0.37265625 0.88203125 0.04765625 0.10625
40 0.4265625 0.846875 0.0515625 0.11875
57 0.4828125 0.8359375 0.05234375 0.0984375
37 0.58046875 0.78203125 0.05 0.1046875
31 0.62890625 0.77578125 0.040625 0.08671875
40 0.684375 0.75546875 0.05078125 0.096875
53 0.73515625 0.7296875 0.05 0.0984375
49 0.78203125 0.7125 0.04765625 0.09140625
29 0.8359375 0.696875 0.04453125 0.10625
33 0.8796875 0.67734375 0.04609375 0.0921875
57 0.9265625 0.6625 0.04921875 0.109375