43 0.4078125 0.33046875 0.034375 0.0578125
19 0.44296875 0.33046875 0.0265625 0.0578125
57 0.4765625 0.32734375 0.03125 0.0515625
31 0.5078125 0.33046875 0.025 0.0484375
35 0.54453125 0.3265625 0.0359375 0.05
55 0.5796875 0.328125 0.03125 0.046875
33 0.6125 0.32890625 0.03125 0.0484375
22 0.428125 0.3828125 0.03125 0.046875
41 0.45703125 0.38203125 0.0328125 0.0515625
57 0.49140625 0.38203125 0.0359375 0.0515625
39 0.5265625 0.3796875 0.03125 0.059375
33 0.5625 0.38359375 0.034375 0.0515625
57 0.6 0.38046875 0.034375 0.0515625