0 0.38203125 0.6453125 0.0171875 0.0421875
0 0.39921875 0.64453125 0.015625 0.0390625
33 0.41328125 0.64453125 0.0140625 0.0390625
55 0.42890625 0.64453125 0.0140625 0.0359375
33 0.4421875 0.64296875 0.015625 0.0375
35 0.4578125 0.640625 0.0171875 0.0390625
29 0.47265625 0.6390625 0.0125 0.0375
57 0.48828125 0.6375 0.015625 0.0390625
19 0.503125 0.63671875 0.015625 0.0375
35 0.52109375 0.63671875 0.015625 0.0375
31 0.5375 0.63515625 0.0140625 0.034375
55 0.553125 0.634375 0.015625 0.0359375
0 0.58046875 0.63125 0.0171875 0.034375
0 0.5953125 0.63046875 0.0125 0.034375
57 0.6109375 0.6296875 0.0140625 0.0359375
41 0.62578125 0.6265625 0.0140625 0.0359375
41 0.6390625 0.62578125 0.0140625 0.0375
43 0.65390625 0.62578125 0.015625 0.034375
0 0.309375 0.69921875 0.0171875 0.04375
0 0.32578125 0.6984375 0.0140625 0.04375
31 0.34140625 0.7 0.0171875 0.0375
40 0.35703125 0.696875 0.015625 0.0375
38 0.371875 0.696875 0.0140625 0.040625
41 0.3875 0.69609375 0.015625 0.0390625
57 0.4046875 0.69453125 0.015625 0.0390625
19 0.4203125 0.6953125 0.0140625 0.040625
42 0.4359375 0.690625 0.015625 0.0359375
52 0.45234375 0.690625 0.015625 0.0390625
0 0.4828125 0.6890625 0.015625 0.0359375
0 0.496875 0.6875 0.0140625 0.0359375
59 0.5140625 0.68515625 0.015625 0.0375
54 0.5296875 0.68359375 0.0140625 0.034375
27 0.54609375 0.68203125 0.0140625 0.0390625
41 0.5609375 0.68125 0.0125 0.0375
45 0.575 0.6796875 0.0140625 0.0375
45 0.59140625 0.67890625 0.0140625 0.0375
33 0.60546875 0.6765625 0.015625 0.0390625
55 0.621875 0.67578125 0.015625 0.0375
0 0.646875 0.67109375 0.015625 0.034375
0 0.66171875 0.6703125 0.0125 0.0328125
41 0.67734375 0.66796875 0.0125 0.034375
45 0.69140625 0.66796875 0.0140625 0.034375
55 0.70546875 0.66484375 0.0125 0.0328125
46 0.71953125 0.6640625 0.015625 0.0328125