0 0.31015625 0.6828125 0.015625 0.0515625
0 0.32421875 0.6828125 0.015625 0.05
31 0.33984375 0.68359375 0.0171875 0.046875
40 0.35546875 0.6859375 0.0140625 0.046875
38 0.36875 0.68515625 0.015625 0.0421875
41 0.38515625 0.68515625 0.0140625 0.0421875
57 0.40078125 0.68515625 0.015625 0.0421875
19 0.4171875 0.68359375 0.015625 0.0421875
42 0.4328125 0.684375 0.015625 0.0421875
52 0.44921875 0.684375 0.015625 0.040625
0 0.47734375 0.68125 0.015625 0.0375
0 0.49140625 0.68046875 0.0140625 0.0375
59 0.50859375 0.6796875 0.015625 0.0390625
54 0.52421875 0.68046875 0.015625 0.0390625
27 0.53984375 0.67890625 0.0171875 0.040625
41 0.553125 0.678125 0.0125 0.0375
45 0.56640625 0.67734375 0.015625 0.0390625
45 0.5828125 0.678125 0.0140625 0.040625
33 0.596875 0.678125 0.015625 0.04375
55 0.6109375 0.67421875 0.015625 0.0375
0 0.6375 0.6703125 0.015625 0.0375
0 0.65234375 0.66875 0.0125 0.0375
41 0.6671875 0.66953125 0.0140625 0.0359375
45 0.68046875 0.66875 0.0125 0.0375
55 0.69453125 0.66640625 0.0140625 0.0359375
46 0.7078125 0.6671875 0.0140625 0.0375
0 0.38359375 0.63515625 0.0171875 0.040625
0 0.3984375 0.6375 0.0125 0.0390625
33 0.41171875 0.6359375 0.0140625 0.0375
55 0.4265625 0.634375 0.0140625 0.0375
33 0.43984375 0.63515625 0.0140625 0.0359375
35 0.4546875 0.63671875 0.0140625 0.0359375
29 0.4671875 0.6359375 0.0140625 0.0359375
57 0.48359375 0.6328125 0.015625 0.0359375
19 0.5 0.63203125 0.0125 0.0359375
35 0.51640625 0.63203125 0.015625 0.034375
31 0.53125 0.6328125 0.0140625 0.0375
55 0.546875 0.63203125 0.015625 0.0359375
0 0.5734375 0.6296875 0.0140625 0.034375
0 0.58828125 0.6296875 0.0140625 0.0359375
57 0.603125 0.628125 0.0125 0.034375
41 0.6171875 0.628125 0.0125 0.0375
41 0.63125 0.62578125 0.0125 0.0359375
43 0.64453125 0.62578125 0.0140625 0.034375