43 0.40234375 0.68046875 0.025 0.071875
59 0.41875 0.68828125 0.025 0.0734375
19 0.4359375 0.70390625 0.0234375 0.0734375
57 0.45546875 0.7171875 0.028125 0.0734375
33 0.47578125 0.72578125 0.0265625 0.0765625
27 0.49765625 0.740625 0.034375 0.0875
10 0.52109375 0.76015625 0.03125 0.0859375
0 0.53984375 0.77265625 0.0265625 0.0765625
0 0.60078125 0.81328125 0.0375 0.0953125
0 0.63046875 0.83046875 0.040625 0.096875
57 0.6671875 0.84765625 0.04375 0.10625
41 0.70390625 0.86953125 0.0484375 0.11875
41 0.74453125 0.89140625 0.053125 0.125
43 0.790625 0.91796875 0.059375 0.1375