43 0.390625 0.34140625 0.040625 0.0609375
19 0.42578125 0.3375 0.0328125 0.0609375
57 0.45859375 0.33046875 0.0359375 0.0546875
31 0.48984375 0.33046875 0.0296875 0.0515625
35 0.52578125 0.32265625 0.040625 0.053125
55 0.5609375 0.32109375 0.0359375 0.05
33 0.59375 0.31796875 0.0359375 0.0515625
22 0.41640625 0.390625 0.0359375 0.05
41 0.4453125 0.3875 0.0375 0.0546875
57 0.47890625 0.38359375 0.040625 0.0546875
39 0.5140625 0.37734375 0.0375 0.0625
33 0.55 0.37734375 0.0390625 0.0546875
57 0.58671875 0.3703125 0.0390625 0.0546875