0 0.38671875 0.16875 0.059375 0.1109375
49 0.43203125 0.16875 0.059375 0.10625
31 0.47578125 0.146875 0.05 0.1046875
59 0.53203125 0.1390625 0.0546875 0.10625
59 0.58203125 0.128125 0.0609375 0.1109375
46 0.634375 0.11640625 0.0640625 0.1046875
47 0.34375 0.39921875 0.05625 0.096875
19 0.40078125 0.3765625 0.0578125 0.1
57 0.4515625 0.35859375 0.0609375 0.1140625
29 0.49921875 0.34765625 0.059375 0.1125
49 0.55078125 0.33359375 0.0640625 0.115625
37 0.60390625 0.325 0.0578125 0.1109375
31 0.65 0.3109375 0.0515625 0.1
46 0.703125 0.30546875 0.0671875 0.109375
15 0.75390625 0.29921875 0.05625 0.1140625
0 0.4734375 0.5765625 0.059375 0.1078125
43 0.5234375 0.559375 0.0625 0.1140625
40 0.578125 0.54296875 0.0671875 0.1203125
43 0.62578125 0.55 0.0609375 0.1
25 0.67734375 0.53203125 0.059375 0.103125
46 0.2671875 0.8796875 0.06875 0.109375
41 0.32109375 0.8609375 0.0625 0.1125
40 0.37890625 0.83359375 0.0671875 0.125
57 0.4359375 0.83046875 0.065625 0.1046875
37 0.540625 0.790625 0.0640625 0.1109375
31 0.5890625 0.79140625 0.0515625 0.0921875
40 0.646875 0.77890625 0.0640625 0.103125
53 0.70078125 0.76015625 0.0625 0.1046875
49 0.75 0.75 0.059375 0.096875
29 0.80546875 0.74140625 0.059375 0.1109375
33 0.8515625 0.728125 0.0578125 0.0984375
57 0.9 0.7203125 0.0640625 0.115625