14 0.3375 0.62421875 0.01484375 0.05
31 0.3515625 0.625 0.0140625 0.04453125
47 0.3671875 0.62421875 0.0140625 0.04453125
53 0.38046875 0.628125 0.0140625 0.04765625
0 0.40859375 0.63046875 0.0140625 0.0484375
0 0.4234375 0.63046875 0.01171875 0.0484375
51 0.4375 0.63125 0.01484375 0.05
41 0.45234375 0.63515625 0.0125 0.0484375
41 0.465625 0.63828125 0.01484375 0.04765625
37 0.48125 0.6390625 0.0140625 0.04296875
0 0.51015625 0.64140625 0.01484375 0.0453125
0 0.525 0.6421875 0.0140625 0.04375
27 0.540625 0.64296875 0.0140625 0.0484375
54 0.55546875 0.6453125 0.01328125 0.0453125
56 0.56953125 0.6484375 0.015625 0.04609375
19 0.58515625 0.64921875 0.01328125 0.0453125
35 0.6 0.65 0.01484375 0.0453125
33 0.615625 0.6515625 0.01484375 0.04296875
0 0.64453125 0.65625 0.015625 0.0484375
0 0.66015625 0.65703125 0.01484375 0.04921875
35 0.67578125 0.66015625 0.01484375 0.04453125
13 0.68984375 0.6609375 0.01328125 0.04609375
29 0.70703125 0.66171875 0.01796875 0.05078125
0 0.3375 0.68125 0.01328125 0.0421875
0 0.3515625 0.68046875 0.01328125 0.04453125
38 0.36640625 0.684375 0.01328125 0.04140625
41 0.3796875 0.6859375 0.0125 0.03984375
57 0.39453125 0.68671875 0.0125 0.04375
31 0.409375 0.6875 0.01484375 0.04140625
53 0.4234375 0.6890625 0.0125 0.0421875
33 0.43828125 0.6890625 0.01328125 0.0390625