43 0.42109375 0.6859375 0.01640625 0.0671875
59 0.440625 0.6984375 0.0203125 0.06796875
19 0.45859375 0.703125 0.01875 0.0625
57 0.478125 0.7171875 0.01953125 0.08125
33 0.5 0.725 0.0203125 0.07578125
27 0.525 0.74140625 0.02421875 0.08984375
10 0.5484375 0.75078125 0.021875 0.09921875
0 0.57109375 0.75703125 0.0203125 0.1015625
0 0.6328125 0.78828125 0.03125 0.11640625
0 0.66484375 0.809375 0.03125 0.1109375
57 0.70390625 0.82578125 0.034375 0.11640625
41 0.74375 0.846875 0.0375 0.12109375
41 0.78515625 0.8671875 0.03984375 0.1234375
43 0.8375 0.8859375 0.0453125 0.1265625