14 0.34140625 0.63046875 0.015625 0.04609375
31 0.35703125 0.63046875 0.01484375 0.04453125
47 0.37109375 0.6328125 0.01328125 0.04453125
53 0.38515625 0.634375 0.01328125 0.0421875
0 0.4125 0.63515625 0.0140625 0.04453125
0 0.42734375 0.63671875 0.0140625 0.046875
51 0.44296875 0.640625 0.01328125 0.04375
41 0.45625 0.64296875 0.0125 0.046875
41 0.471875 0.64296875 0.01328125 0.0453125
37 0.4859375 0.64453125 0.015625 0.04609375
0 0.515625 0.646875 0.01328125 0.04765625
0 0.5296875 0.6484375 0.01328125 0.05
27 0.5453125 0.65 0.015625 0.04921875
54 0.56015625 0.65390625 0.0140625 0.04609375
56 0.575 0.6546875 0.01328125 0.04609375
19 0.58984375 0.65546875 0.0140625 0.04765625
35 0.60546875 0.6578125 0.01484375 0.04765625
33 0.62109375 0.65859375 0.01484375 0.04765625
0 0.64921875 0.6640625 0.01484375 0.046875
0 0.6640625 0.6640625 0.0140625 0.04609375
35 0.68046875 0.66796875 0.015625 0.04453125
13 0.69609375 0.66875 0.0140625 0.04765625
29 0.71171875 0.66953125 0.01640625 0.04609375
0 0.3421875 0.6875 0.0140625 0.04375
0 0.35625 0.68828125 0.01328125 0.0421875
38 0.37109375 0.68984375 0.0125 0.04375
41 0.38515625 0.690625 0.01171875 0.04453125
57 0.39921875 0.6921875 0.01484375 0.04765625
31 0.4140625 0.69296875 0.01328125 0.04140625
53 0.428125 0.6953125 0.01328125 0.04296875
33 0.4421875 0.696875 0.0140625 0.04140625