43 0.45078125 0.70234375 0.0265625 0.06875
59 0.46953125 0.70859375 0.025 0.0671875
19 0.490625 0.715625 0.028125 0.065625
57 0.51328125 0.7234375 0.0328125 0.0765625
33 0.5359375 0.7265625 0.03125 0.0796875
27 0.56171875 0.73828125 0.0359375 0.0859375
10 0.58984375 0.7515625 0.034375 0.0859375
0 0.61015625 0.7578125 0.03125 0.0828125
0 0.68046875 0.77890625 0.04375 0.1
0 0.71796875 0.79453125 0.0421875 0.09375
57 0.759375 0.7984375 0.046875 0.103125
41 0.8015625 0.8125 0.0484375 0.1109375
41 0.84921875 0.828125 0.053125 0.125
43 0.90234375 0.83984375 0.0640625 0.1234375