0 0.37890625 0.63984375 0.01875 0.0421875
0 0.39453125 0.63828125 0.0140625 0.04375
33 0.41015625 0.640625 0.0140625 0.0421875
55 0.425 0.63984375 0.0140625 0.0375
33 0.43828125 0.63984375 0.0140625 0.0375
35 0.453125 0.63984375 0.015625 0.0390625
29 0.46796875 0.63828125 0.0140625 0.040625
57 0.48359375 0.6375 0.015625 0.0390625
19 0.4984375 0.6359375 0.0140625 0.0390625
35 0.51484375 0.6359375 0.015625 0.0359375
31 0.53125 0.6359375 0.015625 0.0359375
55 0.546875 0.634375 0.015625 0.0375
0 0.575 0.63359375 0.015625 0.034375
0 0.5890625 0.63203125 0.0125 0.034375
57 0.6046875 0.6296875 0.015625 0.0375
41 0.61953125 0.63046875 0.0125 0.0375
41 0.6328125 0.6296875 0.0125 0.0375
43 0.64765625 0.62890625 0.0171875 0.034375
0 0.3046875 0.690625 0.015625 0.0453125
0 0.32109375 0.68984375 0.015625 0.0421875
31 0.3359375 0.6890625 0.0140625 0.040625
40 0.3515625 0.6890625 0.015625 0.0421875
38 0.3671875 0.68828125 0.015625 0.0375
41 0.38203125 0.68828125 0.0140625 0.0390625
57 0.39921875 0.6890625 0.015625 0.0390625
19 0.4140625 0.68828125 0.0140625 0.0390625
42 0.4296875 0.6875 0.015625 0.0375
52 0.446875 0.6859375 0.0171875 0.0390625
0 0.47578125 0.68515625 0.015625 0.0359375
0 0.49140625 0.68515625 0.0140625 0.0359375
59 0.50703125 0.684375 0.015625 0.0359375
54 0.5234375 0.68359375 0.0140625 0.034375
27 0.53828125 0.68203125 0.0125 0.0375
41 0.553125 0.68125 0.015625 0.0375
45 0.56875 0.68125 0.015625 0.0390625
45 0.58359375 0.67890625 0.0140625 0.0375
33 0.59765625 0.678125 0.0140625 0.0375
55 0.6125 0.67734375 0.0140625 0.0359375
0 0.640625 0.6734375 0.015625 0.0390625
0 0.65546875 0.67265625 0.015625 0.0375
41 0.66953125 0.67265625 0.015625 0.0390625
45 0.684375 0.67109375 0.0140625 0.0390625
55 0.69765625 0.67109375 0.0125 0.0375
46 0.7125 0.67109375 0.015625 0.0359375