14 0.33984375 0.6296875 0.01875 0.0484375
31 0.35390625 0.63125 0.015625 0.04375
47 0.36796875 0.6328125 0.015625 0.04375
53 0.38203125 0.6359375 0.0171875 0.04375
0 0.409375 0.6421875 0.015625 0.0421875
0 0.42421875 0.6453125 0.015625 0.04375
51 0.4390625 0.64765625 0.015625 0.0421875
41 0.4515625 0.65078125 0.015625 0.0453125
41 0.46640625 0.65234375 0.0171875 0.0484375
37 0.48203125 0.6546875 0.0171875 0.0421875
0 0.5109375 0.659375 0.0171875 0.046875
0 0.5265625 0.6609375 0.0171875 0.05
27 0.5390625 0.6640625 0.015625 0.0484375
54 0.55546875 0.66953125 0.01875 0.0484375
56 0.5703125 0.67265625 0.0171875 0.0453125
19 0.58515625 0.67265625 0.0171875 0.046875
35 0.59921875 0.67734375 0.0171875 0.046875
33 0.61484375 0.67890625 0.0171875 0.04375
0 0.64375 0.68359375 0.01875 0.0484375
0 0.65859375 0.684375 0.0171875 0.05
35 0.6734375 0.68984375 0.0171875 0.0453125
13 0.6890625 0.69453125 0.01875 0.0484375
29 0.7046875 0.6953125 0.01875 0.05
0 0.33515625 0.68671875 0.0171875 0.0453125
0 0.34921875 0.68828125 0.0171875 0.0453125
38 0.3640625 0.69140625 0.015625 0.0421875
41 0.37734375 0.69453125 0.015625 0.0453125
57 0.3921875 0.69609375 0.0171875 0.0484375
31 0.40703125 0.6984375 0.0171875 0.046875
53 0.42109375 0.7015625 0.0171875 0.046875
33 0.43515625 0.7046875 0.015625 0.0453125