43 0.45078125 0.69765625 0.028125 0.071875
59 0.471875 0.70546875 0.028125 0.0703125
19 0.490625 0.70859375 0.028125 0.071875
57 0.51171875 0.71796875 0.03125 0.08125
33 0.53515625 0.72734375 0.034375 0.084375
27 0.5609375 0.73671875 0.034375 0.08125
10 0.58828125 0.746875 0.0375 0.0828125
0 0.609375 0.75546875 0.03125 0.0796875
0 0.678125 0.77109375 0.0484375 0.109375
0 0.7140625 0.784375 0.046875 0.1078125
57 0.75546875 0.79375 0.0484375 0.1078125
41 0.7984375 0.80859375 0.05 0.1140625
41 0.84140625 0.81953125 0.0546875 0.128125
43 0.89375 0.834375 0.0609375 0.125