43 0.42109375 0.6875 0.01796875 0.065625
59 0.4390625 0.69921875 0.01796875 0.06796875
19 0.4578125 0.70390625 0.01640625 0.06640625
57 0.47734375 0.7203125 0.01875 0.07578125
33 0.5 0.7265625 0.01953125 0.0765625
27 0.52578125 0.74296875 0.02421875 0.08203125
10 0.55078125 0.75546875 0.0234375 0.07890625
0 0.56875 0.7703125 0.01796875 0.0765625
0 0.63515625 0.8046875 0.028125 0.0875
0 0.66953125 0.8234375 0.025 0.090625
57 0.70546875 0.83203125 0.03359375 0.10390625
41 0.74375 0.85 0.03671875 0.11171875
41 0.78828125 0.8703125 0.03515625 0.115625
43 0.83515625 0.8953125 0.04375 0.12109375