0 0.10859375 0.1890625 0.03203125 0.0875
29 0.1484375 0.18671875 0.03828125 0.07734375
49 0.19453125 0.18828125 0.04375 0.08046875
33 0.240625 0.18828125 0.04375 0.075
41 0.33125 0.18671875 0.04296875 0.0921875
45 0.375 0.184375 0.03828125 0.090625
55 0.41953125 0.18359375 0.04375 0.08046875
46 0.465625 0.1859375 0.04453125 0.08203125
29 0.55703125 0.184375 0.03828125 0.07890625
49 0.6015625 0.1796875 0.03984375 0.08671875
19 0.64765625 0.1828125 0.03828125 0.0734375
45 0.68984375 0.18359375 0.0390625 0.08046875
53 0.7390625 0.18046875 0.040625 0.08515625
22 0.15234375 0.29375 0.0484375 0.08671875
41 0.19375 0.2953125 0.0328125 0.0921875
57 0.23828125 0.296875 0.034375 0.08359375
27 0.28515625 0.28828125 0.0359375 0.08203125
33 0.33125 0.29140625 0.04453125 0.08515625
29 0.42265625 0.2921875 0.04453125 0.0921875
49 0.46640625 0.2921875 0.0359375 0.08359375
31 0.50703125 0.28984375 0.03984375 0.08203125
45 0.56015625 0.2875 0.04296875 0.07734375
47 0.64453125 0.28828125 0.03984375 0.0875
33 0.6953125 0.284375 0.0390625 0.0875
19 0.73828125 0.28359375 0.0359375 0.08359375
45 0.7828125 0.28515625 0.03828125 0.0890625
53 0.828125 0.2875 0.0421875 0.08671875
47 0.15 0.39453125 0.03828125 0.08359375
55 0.18984375 0.39609375 0.034375 0.08359375
19 0.2421875 0.3953125 0.03984375 0.08515625
45 0.2875 0.39765625 0.0390625 0.08046875
37 0.33203125 0.39609375 0.0390625 0.08359375
19 0.425 0.40078125 0.0390625 0.08046875
27 0.46875 0.4 0.040625 0.0875
49 0.55859375 0.3953125 0.0390625 0.07890625
31 0.6015625 0.39296875 0.03125 0.07734375
56 0.65 0.39375 0.0359375 0.08203125
19 0.69765625 0.396875 0.0328125 0.0875
45 0.74296875 0.390625 0.0421875 0.0875
53 0.78671875 0.39296875 0.04609375 0.08671875
27 0.153125 0.5046875 0.03828125 0.08359375
19 0.19375 0.50078125 0.040625 0.07890625
53 0.2390625 0.50546875 0.04453125 0.08515625
49 0.28359375 0.5046875 0.03515625 0.08359375
29 0.33125 0.50546875 0.03828125 0.07578125
47 0.42265625 0.49921875 0.03671875 0.08203125
40 0.46875 0.496875 0.046875 0.08359375
29 0.5125 0.50234375 0.03828125 0.08515625
45 0.60390625 0.496875 0.0390625 0.0890625
41 0.65078125 0.5015625 0.04375 0.08359375
56 0.33359375 0.61171875 0.04609375 0.0875
19 0.37890625 0.60859375 0.03984375 0.0890625
27 0.4203125 0.61015625 0.04765625 0.09375
19 0.4671875 0.6109375 0.040625 0.10078125
41 0.5109375 0.609375 0.040625 0.090625
45 0.5578125 0.6125 0.046875 0.08671875
18 0.60703125 0.60703125 0.04375 0.0890625
26 0.1484375 0.8203125 0.04453125 0.0984375
0 0.19609375 0.81953125 0.040625 0.09375
49 0.23828125 0.81875 0.0421875 0.0875
33 0.2828125 0.81796875 0.046875 0.0921875
55 0.3265625 0.81640625 0.040625 0.0953125
55 0.375 0.81953125 0.04453125 0.08515625
33 0.4265625 0.81953125 0.0390625 0.096875
45 0.471875 0.81875 0.040625 0.090625
0 0.55859375 0.81171875 0.04453125 0.10390625
39 0.6046875 0.81328125 0.0421875 0.0984375
33 0.6546875 0.81796875 0.04453125 0.10078125
55 0.69609375 0.8171875 0.04375 0.096875
55 0.74140625 0.8140625 0.046875 0.096875
33 0.78984375 0.81484375 0.04609375 0.0953125
57 0.834375 0.81484375 0.0390625 0.0921875
26 0.8828125 0.8125 0.040625 0.096875