0 0.4265625 0.35546875 0.0453125 0.0859375
22 0.475 0.3421875 0.0453125 0.08125
46 0.521875 0.328125 0.0453125 0.0859375
31 0.57109375 0.3125 0.0453125 0.0953125
29 0.61875 0.29375 0.0515625 0.0953125
29 0.675 0.27421875 0.046875 0.09375
0 0.45 0.4734375 0.040625 0.0796875
41 0.49453125 0.4671875 0.04375 0.08125
22 0.54296875 0.46015625 0.040625 0.084375
33 0.5890625 0.45390625 0.0484375 0.084375
45 0.64453125 0.44765625 0.046875 0.0953125
0 0.43359375 0.58671875 0.04375 0.0921875
35 0.4828125 0.590625 0.0453125 0.090625
31 0.53125 0.59609375 0.04375 0.0953125
43 0.58046875 0.59921875 0.046875 0.096875
33 0.63125 0.60546875 0.05 0.10625
57 0.68203125 0.60859375 0.0484375 0.0953125
41 0.740625 0.6171875 0.046875 0.1046875
45 0.80390625 0.621875 0.0546875 0.109375