59 0.034375 0.45625 0.025 0.0640625
33 0.06328125 0.45390625 0.025 0.05625
57 0.09140625 0.4484375 0.025 0.0546875
27 0.11953125 0.4375 0.0234375 0.0546875
33 0.146875 0.4375 0.025 0.0578125
56 0.17578125 0.428125 0.0265625 0.0609375
33 0.1984375 0.4296875 0.025 0.0515625
57 0.22265625 0.4203125 0.0234375 0.0515625
31 0.2453125 0.425 0.0171875 0.05
45 0.26953125 0.42265625 0.025 0.05
35 0.29453125 0.42109375 0.021875 0.05
33 0.32109375 0.41875 0.028125 0.05625
35 0.41875 0.42890625 0.025 0.0546875
41 0.4484375 0.43203125 0.0296875 0.0609375
40 0.4765625 0.42578125 0.0265625 0.0640625
57 0.5 0.41953125 0.0234375 0.0625
31 0.5234375 0.41328125 0.0234375 0.0703125
53 0.55234375 0.41484375 0.0265625 0.0546875
33 0.5796875 0.40703125 0.0296875 0.0765625
55 0.66171875 0.45546875 0.0328125 0.0703125
19 0.69375 0.4515625 0.0265625 0.0734375
51 0.72109375 0.44140625 0.0234375 0.0640625
33 0.7484375 0.4453125 0.03125 0.0671875
21 0.2875 0.5921875 0.0328125 0.0765625
40 0.3203125 0.5875 0.0296875 0.0625
27 0.34921875 0.57734375 0.025 0.078125
29 0.38046875 0.57109375 0.03125 0.0671875
19 0.40703125 0.5609375 0.0234375 0.059375
35 0.43515625 0.5609375 0.0265625 0.0578125
33 0.4640625 0.56328125 0.0328125 0.065625