19 0.24375 0.29453125 0.04921875 0.06015625
57 0.3046875 0.2890625 0.04609375 0.046875
33 0.35234375 0.2890625 0.0421875 0.046875
31 0.39296875 0.2875 0.0359375 0.046875
37 0.4390625 0.28828125 0.04765625 0.0484375
47 0.49609375 0.2921875 0.03984375 0.046875
57 0.54296875 0.29296875 0.04609375 0.04609375
31 0.58671875 0.290625 0.03828125 0.046875
19 0.6265625 0.28984375 0.0421875 0.0515625
55 0.66796875 0.28984375 0.0359375 0.04609375
55 0.70859375 0.28984375 0.0421875 0.04296875
33 0.75625 0.28984375 0.04609375 0.04296875
22 0.2859375 0.39453125 0.04609375 0.04296875
49 0.3265625 0.39296875 0.0359375 0.03984375
31 0.36484375 0.39453125 0.0359375 0.03984375
29 0.41171875 0.39609375 0.04609375 0.04296875
19 0.475 0.39765625 0.03984375 0.04453125
27 0.51875 0.3984375 0.04375 0.04296875
46 0.58203125 0.39609375 0.03984375 0.03984375
41 0.621875 0.39765625 0.03984375 0.04453125
40 0.66875 0.39609375 0.0421875 0.04453125
57 0.71328125 0.3921875 0.04375 0.046875
27 0.284375 0.50234375 0.04375 0.04453125
40 0.32890625 0.50078125 0.03984375 0.04140625
59 0.3734375 0.5015625 0.0421875 0.04296875
33 0.4140625 0.5015625 0.03984375 0.0484375
57 0.45625 0.5015625 0.0359375 0.04296875
59 0.4984375 0.50234375 0.04375 0.03828125
41 0.53984375 0.50234375 0.04375 0.03828125
22 0.584375 0.50234375 0.03828125 0.0359375
33 0.621875 0.503125 0.0359375 0.03984375
57 0.6640625 0.503125 0.04375 0.04296875
16 0.71015625 0.5015625 0.0421875 0.04296875