22 0.3859375 0.428125 0.0796875 0.11875
41 0.45546875 0.40390625 0.0828125 0.1265625
57 0.5234375 0.390625 0.0765625 0.1109375
39 0.59609375 0.365625 0.0734375 0.1125
49 0.39765625 0.559375 0.075 0.11875
41 0.47578125 0.54296875 0.071875 0.11875
40 0.55546875 0.51796875 0.0921875 0.134375
27 0.62734375 0.503125 0.078125 0.1296875
33 0.69765625 0.478125 0.090625 0.1265625
41 0.4125 0.73359375 0.084375 0.1546875
51 0.4890625 0.69609375 0.0796875 0.13125
51 0.56640625 0.6734375 0.0859375 0.13125
19 0.6546875 0.64140625 0.0765625 0.11875
35 0.73046875 0.61875 0.0796875 0.121875
33 0.81640625 0.60625 0.09375 0.1328125