47 0.08671875 0.18125 0.05 0.1171875
57 0.125 0.1859375 0.0515625 0.115625
31 0.1640625 0.1890625 0.053125 0.11875
19 0.20390625 0.19375 0.0484375 0.115625
55 0.2421875 0.2015625 0.05625 0.1109375
55 0.284375 0.2046875 0.053125 0.1171875
33 0.32421875 0.21328125 0.0546875 0.096875
45 0.3796875 0.221875 0.0515625 0.0984375
31 0.4203125 0.22265625 0.0484375 0.1015625
43 0.459375 0.2265625 0.0515625 0.109375
33 0.4984375 0.22890625 0.053125 0.103125
53 0.56015625 0.24765625 0.053125 0.1109375
33 0.5984375 0.25 0.0484375 0.109375
45 0.6375 0.253125 0.0546875 0.1125
33 0.6765625 0.2625 0.0484375 0.115625
57 0.71328125 0.26484375 0.053125 0.1140625
31 0.7515625 0.26796875 0.0453125 0.1109375
29 0.7984375 0.2640625 0.053125 0.121875
41 0.8359375 0.2765625 0.0484375 0.1171875
57 0.87421875 0.278125 0.05 0.1078125