47 0.246875 0.1484375 0.0859375 0.1296875
40 0.334375 0.1546875 0.0875 0.1265625
47 0.43515625 0.1546875 0.0875 0.1296875
47 0.52421875 0.15546875 0.0796875 0.128125
31 0.61328125 0.16015625 0.0828125 0.128125
47 0.18125 0.428125 0.0921875 0.134375
41 0.2703125 0.43203125 0.08125 0.1265625
41 0.378125 0.434375 0.0859375 0.1296875
53 0.4765625 0.44375 0.078125 0.13125
19 0.575 0.44765625 0.08125 0.1296875
33 0.671875 0.453125 0.0921875 0.134375
53 0.15625 0.73203125 0.0984375 0.1703125
57 0.26171875 0.7421875 0.096875 0.1578125
31 0.36015625 0.740625 0.0953125 0.14375
45 0.47109375 0.753125 0.1 0.1484375
45 0.5796875 0.76328125 0.0953125 0.1484375
46 0.690625 0.76640625 0.10625 0.15625