51 0.146875 0.35625 0.075 0.1171875
41 0.221875 0.34296875 0.0828125 0.1265625
35 0.30859375 0.328125 0.08125 0.1265625
40 0.3875 0.31640625 0.0828125 0.1203125
27 0.46953125 0.3015625 0.078125 0.1234375
47 0.5546875 0.4484375 0.0828125 0.13125
57 0.646875 0.43359375 0.0828125 0.1234375
57 0.73515625 0.421875 0.0890625 0.1265625
28 0.8421875 0.40703125 0.0953125 0.13125
35 0.221875 0.72890625 0.1 0.1453125
31 0.315625 0.70390625 0.090625 0.1328125
55 0.421875 0.6828125 0.1015625 0.134375
43 0.51796875 0.66015625 0.0953125 0.1453125