22 0.2640625 0.6453125 0.040625 0.06875
19 0.29765625 0.64296875 0.028125 0.0609375
45 0.33203125 0.63359375 0.03125 0.0625
39 0.3765625 0.61484375 0.04375 0.06875
27 0.64609375 0.43984375 0.03125 0.0578125
43 0.68359375 0.45 0.03125 0.065625
19 0.71640625 0.45390625 0.0296875 0.0703125
55 0.75 0.45546875 0.03125 0.0640625
33 0.78671875 0.459375 0.03125 0.065625
35 0.5609375 0.92109375 0.03125 0.053125
55 0.59375 0.91875 0.03125 0.05625
31 0.63203125 0.91640625 0.0375 0.05625
59 0.66796875 0.909375 0.0328125 0.05625