47 0.021875 0.29921875 0.04375 0.1171875
57 0.05703125 0.29296875 0.053125 0.115625
31 0.0953125 0.2859375 0.0546875 0.11875
19 0.134375 0.28046875 0.05 0.115625
55 0.1734375 0.278125 0.0578125 0.1109375
55 0.215625 0.2703125 0.0546875 0.1171875
33 0.25625 0.26875 0.05625 0.096875
45 0.31171875 0.2625 0.053125 0.0984375
31 0.35078125 0.25234375 0.0515625 0.103125
43 0.38984375 0.24609375 0.053125 0.1109375
33 0.42890625 0.23828125 0.05625 0.103125
53 0.49296875 0.240625 0.0546875 0.1109375
33 0.53046875 0.2328125 0.05 0.1109375
45 0.56875 0.22578125 0.05625 0.1140625
33 0.60859375 0.225 0.05 0.115625
57 0.6453125 0.21796875 0.0546875 0.1140625
31 0.6828125 0.2109375 0.046875 0.1109375
29 0.72734375 0.1953125 0.0546875 0.121875
41 0.76640625 0.19765625 0.05 0.1171875
57 0.80390625 0.1890625 0.0515625 0.109375