22 0.2984375 0.1484375 0.071875 0.11875
41 0.36953125 0.134375 0.08125 0.1203125
57 0.43125 0.1203125 0.071875 0.1203125
55 0.503125 0.1078125 0.075 0.121875
37 0.57109375 0.09921875 0.078125 0.125
47 0.2671875 0.34609375 0.078125 0.1234375
57 0.3296875 0.33671875 0.0828125 0.1265625
31 0.40390625 0.32265625 0.0796875 0.1171875
19 0.465625 0.309375 0.078125 0.1265625
55 0.53671875 0.3 0.078125 0.1203125
55 0.60078125 0.29140625 0.0734375 0.1296875
33 0.67421875 0.2828125 0.08125 0.1265625
37 0.43359375 0.5140625 0.0796875 0.125
31 0.5046875 0.50390625 0.08125 0.1171875
46 0.56953125 0.49140625 0.0765625 0.1203125