43 0.41953125 0.690625 0.01640625 0.06953125
59 0.43828125 0.7 0.01953125 0.06875
19 0.4578125 0.7109375 0.01640625 0.0640625
57 0.478125 0.721875 0.01640625 0.07578125
33 0.49921875 0.7359375 0.0203125 0.08046875
27 0.52421875 0.74609375 0.021875 0.084375
10 0.5484375 0.7578125 0.02421875 0.0859375
0 0.56953125 0.77578125 0.0203125 0.07421875
0 0.6375 0.8125 0.02734375 0.084375
0 0.671875 0.83046875 0.02734375 0.0796875
57 0.71015625 0.83828125 0.03125 0.10078125
41 0.75 0.8578125 0.03359375 0.103125
41 0.79375 0.87890625 0.03359375 0.11171875
43 0.84296875 0.89921875 0.04609375 0.12109375