19 0.171875 0.16640625 0.03515625 0.0890625
49 0.2265625 0.16328125 0.03203125 0.0828125
41 0.25859375 0.16171875 0.0265625 0.0828125
45 0.28515625 0.16640625 0.02578125 0.07421875
41 0.31328125 0.16640625 0.0265625 0.07734375
40 0.34453125 0.1640625 0.0265625 0.07265625
57 0.37265625 0.16328125 0.025 0.06875
29 0.42890625 0.1671875 0.02578125 0.06875
49 0.4578125 0.16640625 0.02578125 0.071875
33 0.4875 0.1671875 0.0265625 0.0703125
59 0.54375 0.17109375 0.0265625 0.0671875
55 0.5734375 0.171875 0.02734375 0.071875
31 0.6015625 0.17109375 0.0234375 0.0671875
35 0.62734375 0.17421875 0.0234375 0.0671875
33 0.65546875 0.17421875 0.0265625 0.0640625
19 0.7078125 0.17421875 0.03046875 0.07265625
45 0.7390625 0.17421875 0.02890625 0.07578125
46 0.7890625 0.17734375 0.0265625 0.065625
41 0.81484375 0.1796875 0.0234375 0.0640625
40 0.84296875 0.1796875 0.0265625 0.07578125
22 0.271875 0.3453125 0.028125 0.06875
49 0.30078125 0.3421875 0.025 0.06875
33 0.33046875 0.34453125 0.02578125 0.0640625
57 0.35859375 0.3453125 0.02734375 0.07421875
33 0.38828125 0.34609375 0.0265625 0.07265625
27 0.44453125 0.34609375 0.028125 0.07578125
59 0.47421875 0.34609375 0.0265625 0.07265625
19 0.5046875 0.34765625 0.0234375 0.071875
57 0.53125 0.35 0.025 0.0703125
19 0.559375 0.34765625 0.0265625 0.071875
29 0.5890625 0.3453125 0.02578125 0.06875
55 0.64296875 0.35078125 0.028125 0.07421875
19 0.671875 0.353125 0.02578125 0.07265625
56 0.6984375 0.35 0.02265625 0.0671875
33 0.725 0.35390625 0.02734375 0.071875
27 0.753125 0.3515625 0.025 0.07265625
19 0.171875 0.528125 0.03203125 0.0890625
49 0.228125 0.52890625 0.03046875 0.084375
41 0.25859375 0.52890625 0.0265625 0.07265625
45 0.2890625 0.528125 0.025 0.071875
41 0.3171875 0.528125 0.02734375 0.06875
40 0.34765625 0.52734375 0.028125 0.08125
57 0.37578125 0.525 0.0234375 0.07890625
29 0.4328125 0.5265625 0.028125 0.07578125
49 0.46171875 0.52578125 0.02734375 0.07734375
33 0.490625 0.525 0.02734375 0.07578125
59 0.54609375 0.5234375 0.0234375 0.07265625
55 0.57421875 0.5234375 0.02578125 0.0703125
31 0.60078125 0.521875 0.028125 0.07265625
35 0.6296875 0.525 0.02578125 0.0671875
33 0.6578125 0.52421875 0.0234375 0.065625
19 0.71015625 0.52734375 0.02734375 0.07890625
45 0.73828125 0.5265625 0.02734375 0.08046875
46 0.79140625 0.528125 0.02578125 0.06875
41 0.81796875 0.5265625 0.02578125 0.0671875
40 0.84453125 0.52890625 0.025 0.0703125
22 0.1703125 0.70703125 0.02578125 0.07734375
49 0.203125 0.7078125 0.02890625 0.07265625
19 0.2328125 0.70859375 0.025 0.071875
35 0.26015625 0.70625 0.028125 0.07265625
49 0.28828125 0.70625 0.0265625 0.06875
19 0.3484375 0.70703125 0.0234375 0.07734375
27 0.37734375 0.70546875 0.028125 0.07578125
41 0.43359375 0.703125 0.0265625 0.071875
51 0.46328125 0.7015625 0.028125 0.071875
55 0.51875 0.70390625 0.02734375 0.0640625
41 0.54609375 0.703125 0.025 0.06015625
56 0.57421875 0.70390625 0.0234375 0.0640625
33 0.6015625 0.70390625 0.0265625 0.0640625
41 0.6578125 0.7015625 0.028125 0.065625
51 0.6859375 0.6984375 0.02265625 0.06328125
29 0.740625 0.69921875 0.02578125 0.07265625
57 0.765625 0.696875 0.0234375 0.0703125
40 0.7921875 0.696875 0.02578125 0.07265625
29 0.82109375 0.6953125 0.02578125 0.07265625
49 0.846875 0.69453125 0.02578125 0.07734375
41 0.23359375 0.8828125 0.02734375 0.07265625
51 0.26328125 0.8859375 0.02578125 0.065625
55 0.3203125 0.88515625 0.02890625 0.071875
19 0.35 0.8828125 0.0234375 0.0703125
53 0.37734375 0.88671875 0.025 0.0671875
49 0.40859375 0.8875 0.02890625 0.071875
29 0.43828125 0.8859375 0.02578125 0.0703125
31 0.49375 0.88515625 0.02734375 0.07421875
45 0.52265625 0.88515625 0.02734375 0.07421875
37 0.55078125 0.88515625 0.02734375 0.07421875
41 0.60390625 0.88203125 0.02734375 0.07734375
51 0.63125 0.88203125 0.025 0.07421875
59 0.6875 0.87734375 0.02734375 0.06875
33 0.715625 0.87734375 0.02578125 0.0671875
31 0.7421875 0.8765625 0.02265625 0.06875
35 0.76875 0.87734375 0.025 0.0671875
33 0.796875 0.87734375 0.02890625 0.06875