0 0.2421875 0.5640625 0.0328125 0.04375
45 0.275 0.5625 0.034375 0.04375
41 0.30859375 0.55625 0.0359375 0.0453125
31 0.340625 0.5515625 0.0328125 0.0453125
49 0.3703125 0.5484375 0.034375 0.0484375
3 0.425 0.53984375 0.0328125 0.046875
60 0.45859375 0.534375 0.034375 0.04375
0 0.50546875 0.52578125 0.034375 0.04375
27 0.53984375 0.52109375 0.034375 0.0453125
19 0.5703125 0.5171875 0.03125 0.0453125
43 0.603125 0.51328125 0.0328125 0.04375
41 0.63203125 0.50859375 0.0328125 0.0453125
45 0.66328125 0.5046875 0.034375 0.0453125