43 0.43046875 0.69140625 0.0203125 0.0703125
59 0.45 0.7015625 0.0203125 0.0703125
19 0.46875 0.70625 0.0203125 0.0703125
57 0.4890625 0.71796875 0.0234375 0.0796875
33 0.5109375 0.7296875 0.025 0.084375
27 0.5359375 0.7421875 0.0265625 0.0796875
10 0.56171875 0.7546875 0.0296875 0.08125
0 0.58203125 0.765625 0.0234375 0.0796875
0 0.64921875 0.78828125 0.0390625 0.1078125
0 0.68359375 0.8046875 0.0359375 0.10625
57 0.7234375 0.81953125 0.0375 0.10625
41 0.7640625 0.83828125 0.0390625 0.1125
41 0.80625 0.853125 0.0421875 0.125
43 0.85703125 0.87421875 0.0484375 0.121875