0 0.234375 0.50859375 0.03125 0.04375
45 0.26640625 0.5140625 0.0328125 0.0421875
41 0.30078125 0.515625 0.034375 0.0453125
31 0.3328125 0.5171875 0.03125 0.04375
49 0.36328125 0.5203125 0.0328125 0.0484375
3 0.41796875 0.5234375 0.03125 0.0453125
60 0.45234375 0.525 0.0328125 0.04375
0 0.5 0.5265625 0.0328125 0.04375
27 0.534375 0.52890625 0.0328125 0.0453125
19 0.565625 0.53125 0.0296875 0.04375
43 0.5984375 0.534375 0.03125 0.0421875
41 0.62734375 0.53515625 0.03125 0.0453125
45 0.659375 0.53828125 0.0328125 0.04375