14 0.3390625 0.62578125 0.0171875 0.04609375
31 0.35390625 0.625 0.01171875 0.04375
47 0.36796875 0.625 0.015625 0.04921875
53 0.38359375 0.6296875 0.01484375 0.04609375
0 0.4109375 0.63046875 0.01484375 0.05
0 0.42578125 0.63125 0.0125 0.05
51 0.43984375 0.63515625 0.01328125 0.04453125
41 0.45390625 0.63828125 0.0140625 0.04140625
41 0.46953125 0.63828125 0.01328125 0.0453125
37 0.484375 0.63984375 0.01484375 0.04375
0 0.51328125 0.64296875 0.0140625 0.04453125
0 0.528125 0.6421875 0.0140625 0.0453125
27 0.5421875 0.64375 0.01328125 0.04921875
54 0.55703125 0.64921875 0.01640625 0.0453125
56 0.57265625 0.64921875 0.01328125 0.04375
19 0.5875 0.65078125 0.01328125 0.04765625
35 0.60234375 0.65234375 0.015625 0.04921875
33 0.61953125 0.653125 0.01484375 0.04609375
0 0.646875 0.65703125 0.01796875 0.053125
0 0.6625 0.65703125 0.01328125 0.05
35 0.6765625 0.66015625 0.015625 0.04765625
13 0.69296875 0.66015625 0.01640625 0.04921875
29 0.709375 0.665625 0.01484375 0.04609375
0 0.3390625 0.68046875 0.01484375 0.0453125
0 0.3546875 0.68125 0.01171875 0.04609375
38 0.36875 0.684375 0.015625 0.04921875
41 0.38359375 0.6859375 0.01328125 0.0453125
57 0.3984375 0.68515625 0.01484375 0.0484375
57 0.4125 0.6859375 0.0125 0.0453125
53 0.42578125 0.6921875 0.01328125 0.0453125
33 0.44140625 0.6921875 0.01484375 0.04296875