0 0.084375 0.55 0.02734375 0.071875
49 0.11484375 0.54921875 0.02734375 0.0734375
33 0.146875 0.5484375 0.03515625 0.06640625
22 0.21171875 0.55390625 0.03515625 0.075
53 0.271875 0.553125 0.02890625 0.078125
36 0.33203125 0.54765625 0.028125 0.07890625
41 0.3625 0.5484375 0.03359375 0.075
59 0.3984375 0.54921875 0.02890625 0.0734375
59 0.43125 0.553125 0.0296875 0.06796875
12 0.46484375 0.5515625 0.03671875 0.075
62 0.5234375 0.553125 0.034375 0.0734375
28 0.5890625 0.553125 0.0296875 0.07890625
51 0.64609375 0.55078125 0.03359375 0.07109375
41 0.67890625 0.5515625 0.03125 0.078125
41 0.7125 0.5515625 0.03125 0.078125
37 0.74765625 0.546875 0.034375 0.075
55 0.80859375 0.54765625 0.0296875 0.07890625
31 0.83984375 0.54921875 0.028125 0.07890625
29 0.87265625 0.55 0.03203125 0.071875
54 0.90625 0.553125 0.02890625 0.08046875
18 0.940625 0.5515625 0.028125 0.075