0 0.31484375 0.20234375 0.053125 0.109375
49 0.359375 0.1921875 0.0546875 0.1046875
31 0.396875 0.16171875 0.0453125 0.103125
59 0.45 0.14140625 0.05 0.10625
59 0.49609375 0.11953125 0.05625 0.1078125
46 0.54453125 0.09609375 0.059375 0.103125
47 0.325 0.43671875 0.0515625 0.0953125
19 0.375 0.4015625 0.053125 0.0984375
57 0.4203125 0.37265625 0.05625 0.1125
29 0.46484375 0.3515625 0.0546875 0.1109375
49 0.5125 0.3265625 0.0578125 0.1125
37 0.5625 0.30625 0.053125 0.109375
31 0.60390625 0.28203125 0.046875 0.0984375
46 0.65390625 0.26484375 0.0625 0.10625
15 0.70234375 0.246875 0.0515625 0.1125
0 0.49140625 0.58046875 0.0546875 0.10625
43 0.5359375 0.55234375 0.0578125 0.1109375
40 0.5859375 0.52421875 0.0609375 0.11875
43 0.63359375 0.5203125 0.05625 0.096875
25 0.6796875 0.49140625 0.0546875 0.1
46 0.35859375 0.92265625 0.0640625 0.10625
41 0.40625 0.89140625 0.05625 0.109375
40 0.45703125 0.85234375 0.0609375 0.1234375
57 0.5125 0.8359375 0.0609375 0.103125
37 0.6046875 0.77421875 0.059375 0.109375
31 0.65234375 0.76328125 0.0484375 0.090625
40 0.70625 0.73828125 0.059375 0.1015625
53 0.75390625 0.70859375 0.0578125 0.103125
49 0.79921875 0.6875 0.0546875 0.0953125
29 0.8515625 0.6671875 0.053125 0.109375
33 0.89375 0.64375 0.0546875 0.0953125
57 0.9390625 0.625 0.0578125 0.1125