41 0.1234375 0.46796875 0.0546875 0.0796875
55 0.1890625 0.46640625 0.05 0.0734375
19 0.2359375 0.46328125 0.0515625 0.0765625
56 0.30234375 0.45703125 0.0515625 0.0765625
19 0.3546875 0.45546875 0.0484375 0.08125
3 0.39921875 0.45 0.0484375 0.08125
41 0.6015625 0.5515625 0.0515625 0.0734375
55 0.66328125 0.54921875 0.0515625 0.0765625
19 0.7140625 0.54609375 0.0515625 0.078125
56 0.778125 0.54140625 0.0515625 0.071875
19 0.83125 0.53828125 0.053125 0.078125
3 0.87890625 0.53359375 0.05 0.078125