37 0.134375 0.59921875 0.0390625 0.115625
41 0.16953125 0.6109375 0.0390625 0.134375
53 0.20703125 0.621875 0.040625 0.1265625
27 0.24765625 0.61796875 0.04375 0.1359375
55 0.29609375 0.6203125 0.040625 0.1328125
41 0.3328125 0.62265625 0.0359375 0.1171875
56 0.37421875 0.63203125 0.0453125 0.128125
33 0.4109375 0.63359375 0.0453125 0.1390625
35 0.50234375 0.65078125 0.0421875 0.13125
31 0.53515625 0.6453125 0.034375 0.1171875
29 0.57265625 0.65390625 0.04375 0.1390625
27 0.6125 0.65859375 0.0421875 0.13125
31 0.665625 0.66875 0.04375 0.1234375
55 0.70078125 0.67109375 0.040625 0.128125
55 0.73828125 0.675 0.0484375 0.1390625
41 0.78046875 0.67890625 0.04375 0.1328125
22 0.8203125 0.68203125 0.046875 0.1328125