0 0.0734375 0.2390625 0.0421875 0.090625
29 0.1125 0.23203125 0.046875 0.08125
49 0.15859375 0.228125 0.053125 0.0859375
33 0.2046875 0.221875 0.053125 0.0796875
41 0.29453125 0.209375 0.053125 0.096875
45 0.3375 0.20234375 0.0484375 0.0953125
55 0.38125 0.19609375 0.053125 0.0859375
46 0.42734375 0.1921875 0.0546875 0.0875
29 0.51796875 0.1796875 0.046875 0.0828125
49 0.56171875 0.16953125 0.05 0.090625
19 0.6078125 0.1671875 0.046875 0.078125
45 0.65 0.1625 0.0484375 0.084375
53 0.6984375 0.15390625 0.05 0.0890625
22 0.1296875 0.3375 0.059375 0.0921875
41 0.17109375 0.334375 0.04375 0.0953125
57 0.215625 0.33046875 0.04375 0.0875
27 0.2609375 0.31640625 0.0453125 0.0859375
33 0.30703125 0.31328125 0.0546875 0.090625
29 0.39765625 0.303125 0.0546875 0.096875
49 0.44140625 0.29765625 0.0453125 0.0875
31 0.48125 0.290625 0.05 0.0859375
45 0.53359375 0.28203125 0.0515625 0.08125
47 0.61796875 0.271875 0.05 0.0921875
33 0.66796875 0.2625 0.05 0.0921875
19 0.71015625 0.25625 0.0453125 0.0875
45 0.7546875 0.25234375 0.0484375 0.09375
53 0.8 0.24921875 0.053125 0.090625
47 0.13984375 0.43828125 0.0484375 0.0875
55 0.1796875 0.434375 0.04375 0.0875
19 0.23125 0.42734375 0.05 0.0890625
45 0.2765625 0.42421875 0.0484375 0.084375
37 0.3203125 0.4171875 0.0484375 0.0875
19 0.41328125 0.4109375 0.0484375 0.084375
27 0.45703125 0.4046875 0.0515625 0.0921875
49 0.5453125 0.3890625 0.0484375 0.0828125
31 0.5875 0.38125 0.040625 0.08125
56 0.6359375 0.3765625 0.0453125 0.0859375
19 0.68359375 0.3734375 0.04375 0.090625
45 0.728125 0.36171875 0.053125 0.0921875
53 0.771875 0.35859375 0.05625 0.0921875
27 0.15625 0.546875 0.0484375 0.0875
19 0.19609375 0.53828125 0.05 0.0828125
53 0.24140625 0.5375 0.0546875 0.090625
49 0.2859375 0.53125 0.0453125 0.0875
29 0.3328125 0.52578125 0.046875 0.0796875
47 0.4234375 0.50859375 0.046875 0.0859375
40 0.46875 0.50078125 0.05625 0.0890625
29 0.5125 0.50078125 0.0484375 0.0890625
45 0.603125 0.484375 0.05 0.09375
41 0.65 0.4828125 0.053125 0.0890625
56 0.3484375 0.63125 0.05625 0.0921875
19 0.39296875 0.62265625 0.05 0.09375
27 0.434375 0.61875 0.059375 0.0984375
19 0.48125 0.6140625 0.053125 0.1046875
41 0.52421875 0.60703125 0.0515625 0.0953125
45 0.57109375 0.6046875 0.0578125 0.0921875
18 0.61953125 0.59296875 0.0546875 0.09375
26 0.18984375 0.8609375 0.05625 0.103125
0 0.2375 0.85390625 0.0515625 0.0984375
49 0.27890625 0.8484375 0.053125 0.0921875
33 0.3234375 0.8421875 0.0578125 0.096875
55 0.36640625 0.83515625 0.0515625 0.1
55 0.41484375 0.83203125 0.0546875 0.090625
33 0.46640625 0.82578125 0.05 0.1015625
45 0.5109375 0.81953125 0.0515625 0.0953125
0 0.59609375 0.80234375 0.05625 0.1078125
39 0.6421875 0.7984375 0.053125 0.103125
33 0.6921875 0.796875 0.05625 0.1046875
55 0.73359375 0.790625 0.0546875 0.1015625
55 0.778125 0.78203125 0.0578125 0.1015625
33 0.82578125 0.77734375 0.0578125 0.1
57 0.8703125 0.771875 0.05 0.096875
26 0.91796875 0.76328125 0.0515625 0.1015625