14 0.346875 0.63671875 0.01328125 0.04609375
31 0.36171875 0.63671875 0.01328125 0.040625
47 0.3765625 0.63984375 0.0140625 0.04453125
53 0.3921875 0.64140625 0.0140625 0.040625
0 0.41796875 0.64375 0.0140625 0.04453125
0 0.4328125 0.64453125 0.01328125 0.0453125
51 0.4484375 0.64765625 0.01328125 0.0453125
41 0.4625 0.65078125 0.01484375 0.046875
41 0.47734375 0.65390625 0.01328125 0.0453125
37 0.4921875 0.653125 0.01484375 0.04453125
0 0.5203125 0.653125 0.015625 0.046875
0 0.5359375 0.65625 0.01328125 0.04921875
27 0.55 0.65859375 0.01484375 0.046875
54 0.565625 0.66171875 0.0125 0.04765625
56 0.5796875 0.6640625 0.01328125 0.046875
19 0.59453125 0.6640625 0.0140625 0.04765625
35 0.61015625 0.665625 0.0140625 0.04453125
33 0.62578125 0.66640625 0.015625 0.04921875
0 0.65546875 0.66796875 0.0140625 0.05234375
0 0.6703125 0.66953125 0.0140625 0.0515625
35 0.6859375 0.67421875 0.0140625 0.05
13 0.7015625 0.6765625 0.0140625 0.04921875
29 0.71640625 0.678125 0.01484375 0.0484375
0 0.34765625 0.69375 0.0140625 0.0421875
0 0.36171875 0.6953125 0.01328125 0.04140625
38 0.37578125 0.69609375 0.015625 0.0453125
41 0.390625 0.69765625 0.01171875 0.04296875
57 0.40546875 0.6984375 0.0140625 0.04375
31 0.4203125 0.7 0.01328125 0.04609375
53 0.43359375 0.703125 0.01328125 0.0421875
33 0.44765625 0.7046875 0.01328125 0.04375