0 0.2296875 0.184375 0.028125 0.05859375
22 0.26484375 0.1828125 0.03359375 0.05625
33 0.29765625 0.1828125 0.03046875 0.05859375
31 0.33671875 0.1890625 0.028125 0.05
57 0.3703125 0.1921875 0.03125 0.06015625
33 0.40625 0.1921875 0.03359375 0.0515625
31 0.44375 0.19609375 0.0296875 0.05
55 0.47421875 0.1921875 0.03046875 0.06015625
55 0.50625 0.196875 0.03671875 0.05859375
0 0.53359375 0.41875 0.034375 0.06015625
31 0.57109375 0.41875 0.0296875 0.06015625
57 0.603125 0.425 0.0296875 0.05625
29 0.63515625 0.42265625 0.02734375 0.0515625
19 0.66640625 0.4265625 0.03359375 0.06171875
27 0.69609375 0.42421875 0.025 0.0546875
29 0.72265625 0.42578125 0.0328125 0.06015625
27 0.76015625 0.425 0.034375 0.05859375
29 0.20546875 0.56640625 0.03046875 0.05625
41 0.2375 0.57578125 0.034375 0.0640625
29 0.290625 0.57265625 0.0359375 0.065625
49 0.3234375 0.5765625 0.0328125 0.0546875
33 0.35703125 0.56875 0.028125 0.06328125
55 0.40390625 0.5765625 0.028125 0.06328125
33 0.43828125 0.57890625 0.0265625 0.053125
56 0.46953125 0.58203125 0.03046875 0.05859375
33 0.50390625 0.58203125 0.03359375 0.05703125
55 0.5375 0.58125 0.0296875 0.0546875
22 0.584375 0.5890625 0.03359375 0.0546875
33 0.6171875 0.58671875 0.0296875 0.05703125
59 0.66875 0.5890625 0.034375 0.05703125
33 0.70078125 0.5890625 0.028125 0.05703125
57 0.7328125 0.58984375 0.0296875 0.0671875
43 0.76796875 0.58828125 0.0390625 0.0640625
19 0.8 0.59375 0.028125 0.0515625
29 0.83125 0.5921875 0.0296875 0.06015625
18 0.8671875 0.59765625 0.0421875 0.06328125
0 0.6640625 0.71328125 0.03359375 0.06171875
49 0.69921875 0.71171875 0.03046875 0.05625
19 0.7328125 0.7125 0.0328125 0.05703125
55 0.7640625 0.715625 0.03359375 0.0671875
29 0.8015625 0.71796875 0.03359375 0.06875
41 0.83203125 0.72265625 0.028125 0.06171875
45 0.86640625 0.72109375 0.034375 0.06015625