22 0.3625 0.11875 0.053125 0.11171875
41 0.43515625 0.1171875 0.0625 0.1109375
57 0.4984375 0.1140625 0.05234375 0.11328125
55 0.57109375 0.1140625 0.05546875 0.11328125
37 0.63984375 0.11796875 0.05859375 0.11640625
47 0.29765625 0.3078125 0.05859375 0.11484375
57 0.3609375 0.309375 0.0625 0.11796875
31 0.4359375 0.30859375 0.0625 0.1078125
19 0.49921875 0.30625 0.0578125 0.11875
55 0.57109375 0.309375 0.059375 0.11171875
55 0.63515625 0.31171875 0.05234375 0.121875
33 0.709375 0.31640625 0.06171875 0.11796875
37 0.43203125 0.50234375 0.06015625 0.11640625
31 0.50390625 0.5046875 0.0640625 0.1078125
46 0.56953125 0.50390625 0.05859375 0.11171875