43 0.4203125 0.68671875 0.015625 0.0671875
59 0.43984375 0.69765625 0.01875 0.06875
19 0.45859375 0.70390625 0.0171875 0.065625
57 0.47734375 0.71953125 0.01875 0.075
33 0.49921875 0.72734375 0.0234375 0.078125
27 0.52265625 0.7421875 0.025 0.0875
10 0.5484375 0.75390625 0.021875 0.084375
0 0.5671875 0.765625 0.015625 0.084375
0 0.63125 0.78828125 0.03125 0.11875
0 0.66640625 0.815625 0.034375 0.1
57 0.70390625 0.83125 0.03125 0.1015625
41 0.74453125 0.8484375 0.034375 0.10625
41 0.784375 0.86796875 0.0421875 0.1125
43 0.8359375 0.890625 0.04375 0.1234375