47 0.259375 0.13984375 0.090625 0.1328125
40 0.34609375 0.14921875 0.0921875 0.1296875
47 0.446875 0.153125 0.0921875 0.1328125
47 0.5359375 0.15703125 0.084375 0.13125
31 0.625 0.16484375 0.0875 0.13125
47 0.18359375 0.4171875 0.096875 0.1375
41 0.2734375 0.42421875 0.0859375 0.1296875
41 0.38046875 0.43046875 0.090625 0.1328125
53 0.47890625 0.44296875 0.0828125 0.134375
19 0.5765625 0.45 0.0859375 0.1328125
33 0.6734375 0.459375 0.096875 0.1375
53 0.1484375 0.7203125 0.1046875 0.1734375
57 0.253125 0.73359375 0.1015625 0.1609375
31 0.3515625 0.73515625 0.1 0.146875
45 0.4625 0.75234375 0.1046875 0.1515625
45 0.5703125 0.765625 0.1 0.15
46 0.68125 0.7734375 0.1125 0.159375