59 0.4390625 0.69765625 0.01875 0.07109375
19 0.4578125 0.7015625 0.01796875 0.06953125
57 0.478125 0.71640625 0.0171875 0.0875
33 0.4984375 0.7234375 0.021875 0.0890625
27 0.521875 0.7421875 0.025 0.090625
10 0.546875 0.76640625 0.02265625 0.0765625
0 0.56796875 0.77421875 0.01796875 0.0640625
43 0.42109375 0.68828125 0.01640625 0.0765625
0 0.634375 0.8015625 0.0296875 0.1
0 0.665625 0.81640625 0.03125 0.10546875
57 0.7015625 0.83046875 0.0328125 0.11171875
41 0.74140625 0.85078125 0.03828125 0.11640625
41 0.784375 0.8703125 0.03828125 0.12265625
43 0.8328125 0.89453125 0.0453125 0.11875