43 0.403125 0.684375 0.0234375 0.065625
59 0.42109375 0.69453125 0.021875 0.0671875
19 0.43984375 0.70546875 0.0234375 0.0640625
57 0.45859375 0.7203125 0.0265625 0.075
33 0.47890625 0.73125 0.028125 0.078125
27 0.503125 0.74921875 0.03125 0.08125
10 0.52578125 0.76796875 0.03125 0.0796875
0 0.546875 0.78046875 0.028125 0.071875
0 0.6109375 0.821875 0.0359375 0.090625
0 0.640625 0.84375 0.0375 0.0875
57 0.678125 0.8546875 0.040625 0.103125
41 0.7171875 0.87890625 0.040625 0.1078125
41 0.76015625 0.903125 0.04375 0.1203125
43 0.80859375 0.9265625 0.0515625 0.125