37 0.1328125 0.509375 0.0375 0.075
19 0.16640625 0.484375 0.028125 0.078125
27 0.19921875 0.4625 0.0328125 0.065625
31 0.2265625 0.44140625 0.03125 0.0625
47 0.25859375 0.4203125 0.0328125 0.071875
19 0.2921875 0.39375 0.0296875 0.06875
55 0.32265625 0.37734375 0.034375 0.0625
19 0.35625 0.3515625 0.028125 0.06875
29 0.38515625 0.33046875 0.03125 0.0625
46 0.41328125 0.30703125 0.0375 0.059375
31 0.459375 0.2734375 0.0375 0.059375
35 0.4875 0.253125 0.034375 0.059375
29 0.5203125 0.2390625 0.0375 0.059375
19 0.546875 0.215625 0.025 0.06875
41 0.571875 0.2078125 0.03125 0.059375
45 0.59921875 0.18515625 0.0328125 0.0703125
22 0.646875 0.1515625 0.0390625 0.046875
33 0.6671875 0.13515625 0.03125 0.040625
33 0.6875 0.12109375 0.0265625 0.046875
39 0.7109375 0.11015625 0.0265625 0.05
31 0.146875 0.571875 0.0375 0.046875
22 0.190625 0.54453125 0.0375 0.059375
31 0.2203125 0.521875 0.03125 0.0578125
57 0.25078125 0.50078125 0.0375 0.065625
37 0.2859375 0.47109375 0.0328125 0.0625
27 0.31953125 0.4453125 0.03125 0.0703125
14 0.3828125 0.40546875 0.034375 0.0625
47 0.409375 0.38828125 0.0328125 0.0546875
21 0.43984375 0.36484375 0.03125 0.065625
31 0.4640625 0.3390625 0.03125 0.0578125
31 0.490625 0.3203125 0.034375 0.059375
35 0.1796875 0.63984375 0.040625 0.059375
41 0.21328125 0.61328125 0.0375 0.065625
43 0.246875 0.5875 0.034375 0.071875
43 0.2796875 0.56640625 0.0359375 0.071875
40 0.315625 0.53828125 0.0421875 0.0625
45 0.34921875 0.50859375 0.0328125 0.075
19 0.38203125 0.48125 0.0359375 0.071875
29 0.41328125 0.46171875 0.0328125 0.0625
46 0.44453125 0.4421875 0.04375 0.05625
41 0.49609375 0.39765625 0.040625 0.059375
57 0.528125 0.38125 0.0375 0.0578125
53 0.5546875 0.35390625 0.0328125 0.065625
31 0.58046875 0.3328125 0.025 0.059375
45 0.6078125 0.31640625 0.0375 0.0625
19 0.6375 0.296875 0.028125 0.0625
27 0.659375 0.27890625 0.0296875 0.0625
31 0.684375 0.26484375 0.028125 0.0578125
29 0.70859375 0.240625 0.028125 0.0578125
19 0.73203125 0.22578125 0.021875 0.0625
41 0.75390625 0.21015625 0.028125 0.0578125
45 0.77578125 0.19375 0.03125 0.05625
31 0.815625 0.16796875 0.0328125 0.046875
22 0.840625 0.15546875 0.03125 0.059375
31 0.8546875 0.1265625 0.025 0.021875
57 0.875 0.12578125 0.028125 0.053125
37 0.896875 0.10703125 0.025 0.0453125
37 0.2046875 0.70625 0.040625 0.065625
19 0.24453125 0.67421875 0.0359375 0.05625
27 0.275 0.66171875 0.034375 0.08125
31 0.30703125 0.62890625 0.0296875 0.065625
47 0.3390625 0.6046875 0.034375 0.0625
19 0.375 0.57265625 0.0328125 0.0671875
55 0.409375 0.55234375 0.0359375 0.0671875
19 0.44453125 0.52265625 0.03125 0.071875
29 0.4765625 0.50546875 0.0359375 0.0703125
46 0.50546875 0.484375 0.0453125 0.0671875
41 0.5578125 0.43671875 0.0421875 0.0625
57 0.58828125 0.4125 0.0328125 0.065625
53 0.615625 0.38828125 0.0328125 0.0625
31 0.6421875 0.365625 0.034375 0.046875
45 0.66953125 0.3546875 0.034375 0.06875
19 0.696875 0.33203125 0.028125 0.065625
27 0.7203125 0.31328125 0.0265625 0.0671875
31 0.74296875 0.29765625 0.03125 0.053125
29 0.765625 0.2796875 0.025 0.065625
19 0.78671875 0.26171875 0.025 0.071875
41 0.809375 0.2515625 0.03125 0.05625
45 0.834375 0.22421875 0.0375 0.053125
45 0.23203125 0.78828125 0.040625 0.075
56 0.2765625 0.76171875 0.0515625 0.06875
31 0.334375 0.70546875 0.0375 0.059375
35 0.3734375 0.671875 0.0359375 0.06875
35 0.40859375 0.63984375 0.0328125 0.078125
33 0.4421875 0.6234375 0.0390625 0.075
27 0.478125 0.59765625 0.0296875 0.075
27 0.51171875 0.5734375 0.0421875 0.078125
19 0.56484375 0.51953125 0.034375 0.071875
45 0.5953125 0.5 0.0375 0.0671875
35 0.6265625 0.47578125 0.04375 0.071875