19 0.2125 0.4125 0.04375 0.45078125
49 0.27734375 0.428125 0.03125 0.3796875
41 0.309375 0.43046875 0.02890625 0.375
45 0.33828125 0.44296875 0.02734375 0.36953125
41 0.3671875 0.45078125 0.02890625 0.34453125
40 0.3953125 0.45546875 0.025 0.3546875
57 0.425 0.46328125 0.028125 0.359375
29 0.47578125 0.49140625 0.025 0.36484375
49 0.50234375 0.49375 0.02421875 0.32890625
33 0.528125 0.4984375 0.025 0.31875
59 0.57578125 0.521875 0.025 0.3140625
55 0.60078125 0.54140625 0.021875 0.28359375
31 0.62421875 0.5546875 0.02109375 0.28828125
35 0.64609375 0.559375 0.01953125 0.26796875
33 0.66953125 0.56953125 0.02421875 0.278125
19 0.71015625 0.6078125 0.02421875 0.32421875
45 0.73359375 0.6078125 0.02109375 0.32421875
46 0.7703125 0.61484375 0.02265625 0.278125
41 0.7921875 0.61796875 0.01796875 0.2734375
40 0.81328125 0.61484375 0.021875 0.30859375