43 0.44375 0.70078125 0.0234375 0.0671875
59 0.4625 0.7078125 0.0234375 0.065625
19 0.4828125 0.715625 0.0265625 0.065625
57 0.50546875 0.7234375 0.0296875 0.0765625
33 0.528125 0.728125 0.028125 0.0796875
27 0.553125 0.740625 0.0328125 0.084375
10 0.58046875 0.7546875 0.03125 0.084375
0 0.6015625 0.76171875 0.0296875 0.0828125
0 0.6703125 0.78515625 0.040625 0.0984375
0 0.7078125 0.8015625 0.0390625 0.0921875
57 0.7484375 0.80703125 0.04375 0.103125
41 0.790625 0.8234375 0.0453125 0.1109375
41 0.8375 0.840625 0.0484375 0.125
43 0.890625 0.853125 0.0609375 0.1234375