19 0.22109375 0.3875 0.0828125 0.453125
49 0.284375 0.409375 0.0640625 0.38125
41 0.31640625 0.4140625 0.0609375 0.3765625
45 0.34375 0.42890625 0.059375 0.3703125
41 0.371875 0.4390625 0.059375 0.3453125
40 0.39921875 0.446875 0.05625 0.35625
57 0.428125 0.45703125 0.059375 0.3609375
29 0.4765625 0.4890625 0.05625 0.365625
49 0.503125 0.49375 0.053125 0.3296875
33 0.528125 0.50078125 0.053125 0.3203125
59 0.5734375 0.528125 0.0515625 0.315625
55 0.596875 0.55 0.046875 0.284375
31 0.61875 0.565625 0.046875 0.2890625
35 0.640625 0.571875 0.0421875 0.26875
33 0.6625 0.584375 0.0484375 0.2796875
19 0.7 0.62578125 0.053125 0.325
45 0.7234375 0.628125 0.05 0.325
46 0.759375 0.63828125 0.046875 0.2796875
41 0.78046875 0.64296875 0.0421875 0.2734375
40 0.80234375 0.64140625 0.0484375 0.309375