35 0.3171875 0.7234375 0.0375 0.0484375
55 0.35703125 0.70234375 0.0328125 0.0515625
41 0.396875 0.6765625 0.034375 0.053125
35 0.4328125 0.64765625 0.0390625 0.05
39 0.4671875 0.6234375 0.040625 0.0546875
9 0.88515625 0.58359375 0.03125 0.0421875
45 0.9125 0.56328125 0.040625 0.0625
29 0.95 0.54296875 0.034375 0.0578125
33 0.9765625 0.528125 0.03125 0.053125
45 0.69375 0.328125 0.0296875 0.040625
53 0.634375 0.29765625 0.028125 0.0296875
29 0.49921875 0.3890625 0.025 0.04375
47 0.28671875 0.47578125 0.0390625 0.0328125
43 0.20234375 0.51171875 0.0296875 0.0375
47 0.03984375 0.56484375 0.0359375 0.046875
51 0.7546875 0.24296875 0.0234375 0.034375
40 0.78359375 0.22734375 0.0328125 0.0421875
27 0.815625 0.21640625 0.03125 0.0453125
27 0.84140625 0.20859375 0.025 0.0390625
46 0.8640625 0.2015625 0.0296875 0.0375
57 0.678125 0.0984375 0.028125 0.0390625
55 0.57734375 0.23203125 0.0265625 0.03125
59 0.540625 0.26171875 0.0203125 0.0359375
56 0.52421875 0.20703125 0.0328125 0.034375
43 0.48515625 0.27421875 0.028125 0.0390625
51 0.33671875 0.34140625 0.028125 0.0484375
44 0.3515625 0.21875 0.034375 0.0421875
44 0.321875 0.13203125 0.01875 0.03125
29 0.5484375 0.15234375 0.0234375 0.0328125
59 0.15234375 0.340625 0.028125 0.034375
43 0.5765625 0.26328125 0.0265625 0.040625
29 0.3625 0.40078125 0.0328125 0.0359375
27 0.05390625 0.49609375 0.03125 0.0328125
22 0.05078125 0.3671875 0.0234375 0.0375
39 0.1578125 0.265625 0.0265625 0.03125