11 0.0625 0.09609375 0.06640625 0.15625
53 0.178125 0.0921875 0.053125 0.12421875
57 0.23359375 0.09296875 0.04609375 0.12890625
33 0.28359375 0.090625 0.040625 0.1296875
31 0.328125 0.09140625 0.0421875 0.12578125
29 0.38125 0.090625 0.05234375 0.12578125
43 0.48203125 0.08828125 0.05234375 0.121875
31 0.53359375 0.0890625 0.04140625 0.1203125
45 0.58515625 0.07890625 0.0453125 0.11875
19 0.68671875 0.08515625 0.04296875 0.1234375
27 0.7421875 0.0875 0.04765625 0.12890625
41 0.83671875 0.0828125 0.04765625 0.121875
45 0.88828125 0.08359375 0.046875 0.1203125
33 0.93984375 0.0796875 0.04609375 0.1203125
22 0.07890625 0.2359375 0.04609375 0.11875
49 0.12734375 0.234375 0.04296875 0.11328125
41 0.17734375 0.234375 0.0515625 0.11328125
49 0.28125 0.23046875 0.04609375 0.11875
31 0.33203125 0.23203125 0.04609375 0.11640625
27 0.38203125 0.2296875 0.04765625 0.11796875
45 0.4875 0.234375 0.0421875 0.12578125
41 0.5328125 0.23359375 0.04609375 0.12421875
29 0.58203125 0.23203125 0.04765625 0.12734375
55 0.68828125 0.23203125 0.0421875 0.12421875
41 0.73515625 0.23046875 0.04609375 0.12421875
27 0.7859375 0.23125 0.0515625 0.12578125
29 0.8375 0.23046875 0.04765625 0.12734375
49 0.08203125 0.37265625 0.04453125 0.1296875
19 0.128125 0.371875 0.04609375 0.1296875
27 0.17734375 0.37109375 0.04765625 0.12890625
35 0.2828125 0.378125 0.04453125 0.12734375
49 0.33046875 0.3796875 0.04921875 0.121875
19 0.38046875 0.37734375 0.04609375 0.121875
55 0.43046875 0.38046875 0.05 0.1234375
37 0.48828125 0.3796875 0.04296875 0.12421875
7 0.534375 0.37734375 0.0453125 0.1296875
27 0.58671875 0.38046875 0.05546875 0.13125
49 0.68984375 0.3765625 0.0453125 0.12578125
33 0.7375 0.3765625 0.0453125 0.12578125
31 0.7859375 0.3765625 0.046875 0.1234375
57 0.84140625 0.37578125 0.0515625 0.12734375
29 0.8921875 0.37421875 0.04765625 0.1328125
18 0.94375 0.3734375 0.04765625 0.134375
26 0.0796875 0.671875 0.046875 0.13125
43 0.1296875 0.671875 0.04765625 0.13125
33 0.17890625 0.671875 0.05 0.13125
45 0.23046875 0.67109375 0.04765625 0.1296875
35 0.28046875 0.6703125 0.05078125 0.11875
19 0.33046875 0.671875 0.046875 0.13125
40 0.384375 0.67109375 0.0546875 0.13515625
27 0.43671875 0.6703125 0.0515625 0.13671875
26 0.48671875 0.66953125 0.0453125 0.13671875