14 0.32421875 0.6046875 0.021875 0.0484375
31 0.340625 0.60703125 0.0171875 0.0453125
47 0.3546875 0.61015625 0.01875 0.04375
53 0.36875 0.6109375 0.01875 0.04375
0 0.39609375 0.6171875 0.01875 0.046875
0 0.409375 0.61953125 0.01875 0.0453125
51 0.42421875 0.6234375 0.0171875 0.0421875
41 0.4375 0.628125 0.01875 0.046875
41 0.45234375 0.6328125 0.01875 0.046875
37 0.4671875 0.634375 0.01875 0.04375
0 0.49453125 0.63984375 0.01875 0.05
0 0.51015625 0.64453125 0.01875 0.046875
27 0.525 0.64609375 0.01875 0.0453125
54 0.5390625 0.65 0.0171875 0.0453125
56 0.55390625 0.65390625 0.01875 0.0453125
19 0.56875 0.6546875 0.0171875 0.046875
35 0.58359375 0.65859375 0.01875 0.04375
33 0.59921875 0.6609375 0.01875 0.04375
0 0.628125 0.66875 0.01875 0.0484375
0 0.64296875 0.671875 0.01875 0.0515625
35 0.6578125 0.67734375 0.0171875 0.0453125
13 0.671875 0.68046875 0.01875 0.046875
29 0.68828125 0.68359375 0.0203125 0.05
0 0.31796875 0.6609375 0.01875 0.040625
0 0.33359375 0.66328125 0.0171875 0.04375
38 0.34765625 0.66484375 0.0171875 0.046875
41 0.3609375 0.66953125 0.0171875 0.0453125
57 0.37578125 0.67265625 0.0203125 0.0484375
31 0.390625 0.67578125 0.0171875 0.0421875
53 0.4046875 0.67734375 0.0171875 0.0421875
33 0.41875 0.6796875 0.01875 0.04375