14 0.32890625 0.6125 0.01875 0.0515625
31 0.34296875 0.6140625 0.0171875 0.0453125
47 0.35859375 0.61484375 0.0171875 0.0453125
53 0.371875 0.61953125 0.0171875 0.0484375
0 0.4 0.6234375 0.0171875 0.05
0 0.41484375 0.625 0.015625 0.0484375
51 0.428125 0.6265625 0.01875 0.0515625
41 0.44296875 0.63125 0.015625 0.0484375
41 0.45625 0.63515625 0.01875 0.0484375
37 0.471875 0.6375 0.0171875 0.04375
0 0.5 0.64140625 0.0171875 0.046875
0 0.51484375 0.64375 0.0171875 0.0453125
27 0.53046875 0.6453125 0.0171875 0.05
54 0.5453125 0.6484375 0.0171875 0.046875
56 0.559375 0.653125 0.01875 0.046875
19 0.57421875 0.6546875 0.0171875 0.046875
35 0.5890625 0.65625 0.0171875 0.046875
33 0.6046875 0.659375 0.0171875 0.04375
0 0.63359375 0.665625 0.01875 0.05
0 0.6484375 0.66796875 0.01875 0.05
35 0.6640625 0.671875 0.0171875 0.0453125
13 0.678125 0.6734375 0.0171875 0.046875
29 0.6953125 0.67578125 0.021875 0.0515625
0 0.325 0.66953125 0.015625 0.04375
0 0.3390625 0.66953125 0.015625 0.0453125
38 0.35390625 0.67421875 0.015625 0.0421875
41 0.3671875 0.67734375 0.015625 0.040625
57 0.38203125 0.67890625 0.015625 0.04375
31 0.396875 0.68046875 0.0171875 0.0421875
53 0.41015625 0.68359375 0.015625 0.0421875
33 0.425 0.684375 0.015625 0.040625