27 0.36640625 0.27109375 0.05625 0.0578125
39 0.42109375 0.275 0.0546875 0.053125
41 0.48203125 0.28359375 0.05 0.05
59 0.53984375 0.2890625 0.0515625 0.05
21 0.60078125 0.2953125 0.05 0.0515625
33 0.65703125 0.3015625 0.05 0.05
21 0.4171875 0.353125 0.053125 0.053125
31 0.4734375 0.359375 0.05625 0.0515625
42 0.5296875 0.36640625 0.053125 0.0515625
42 0.5875 0.37109375 0.05 0.05
51 0.303125 0.415625 0.053125 0.053125
33 0.36171875 0.42265625 0.0515625 0.053125
27 0.41640625 0.428125 0.0546875 0.05625
29 0.4765625 0.4359375 0.05 0.053125
19 0.534375 0.44453125 0.0515625 0.0546875
56 0.59140625 0.45078125 0.05 0.05
31 0.64921875 0.45703125 0.05 0.0484375
55 0.70078125 0.4625 0.0453125 0.0515625