43 0.4 0.68125 0.0234375 0.0703125
59 0.41796875 0.6921875 0.0265625 0.0703125
19 0.4359375 0.70546875 0.0234375 0.065625
57 0.4546875 0.71875 0.025 0.0765625
33 0.47421875 0.734375 0.028125 0.0828125
27 0.4984375 0.74765625 0.03125 0.0859375
10 0.52109375 0.76171875 0.0328125 0.0875
0 0.540625 0.78125 0.028125 0.0765625
0 0.60390625 0.825 0.0359375 0.0875
0 0.63671875 0.846875 0.0359375 0.0828125
57 0.6734375 0.85859375 0.0421875 0.103125
41 0.7109375 0.88203125 0.04375 0.10625
41 0.75234375 0.9078125 0.0453125 0.1140625
43 0.79921875 0.9328125 0.0578125 0.125