14 0.3390625 0.6234375 0.01328125 0.040625
31 0.353125 0.62265625 0.0125 0.03984375
47 0.3671875 0.62265625 0.01484375 0.03984375
53 0.38203125 0.62578125 0.0140625 0.040625
0 0.409375 0.63125 0.0140625 0.0421875
0 0.42421875 0.63125 0.0125 0.04375
51 0.4390625 0.6328125 0.01328125 0.04140625
41 0.453125 0.634375 0.01328125 0.04609375
41 0.46796875 0.6359375 0.01328125 0.046875
37 0.4828125 0.6390625 0.0140625 0.04375
0 0.5109375 0.640625 0.0140625 0.0453125
0 0.5265625 0.64296875 0.01328125 0.04609375
27 0.5421875 0.64609375 0.01484375 0.04609375
54 0.55625 0.646875 0.01171875 0.04375
56 0.57109375 0.64921875 0.0125 0.0421875
19 0.58515625 0.64921875 0.01484375 0.04609375
35 0.6015625 0.65078125 0.0140625 0.040625
33 0.615625 0.65234375 0.01484375 0.0453125
0 0.646875 0.6578125 0.01328125 0.04375
0 0.6609375 0.65859375 0.0140625 0.04453125
35 0.67734375 0.6609375 0.01484375 0.0453125
13 0.6921875 0.66328125 0.01328125 0.04609375
29 0.70859375 0.66484375 0.015625 0.05
0 0.3375 0.68125 0.0140625 0.040625
0 0.353125 0.67890625 0.0140625 0.04296875
38 0.3671875 0.68125 0.0140625 0.046875
41 0.38125 0.68359375 0.01328125 0.04609375
57 0.39609375 0.684375 0.01328125 0.04609375
31 0.41015625 0.68671875 0.01328125 0.04453125
53 0.42421875 0.68828125 0.01328125 0.04296875
33 0.4390625 0.690625 0.01484375 0.04296875