0 0.3796875 0.64375 0.01640625 0.04375
0 0.3953125 0.64453125 0.0140625 0.040625
33 0.41015625 0.64296875 0.01640625 0.0421875
55 0.42578125 0.6421875 0.01328125 0.03984375
33 0.43984375 0.64296875 0.0140625 0.03515625
35 0.4546875 0.63984375 0.01328125 0.03671875
29 0.46953125 0.640625 0.0140625 0.0390625
57 0.48671875 0.63984375 0.0140625 0.03984375
19 0.50234375 0.6390625 0.015625 0.0390625
35 0.51875 0.63828125 0.015625 0.0375
31 0.53515625 0.63828125 0.0140625 0.03828125
55 0.55078125 0.6375 0.015625 0.03828125
0 0.57890625 0.634375 0.015625 0.03671875
0 0.59375 0.63203125 0.01328125 0.03671875
57 0.609375 0.63125 0.01328125 0.0375
41 0.625 0.63046875 0.0140625 0.0375
41 0.63828125 0.6296875 0.01328125 0.03984375
0 0.3046875 0.696875 0.015625 0.04375
0 0.32109375 0.6953125 0.015625 0.04453125
31 0.33671875 0.69765625 0.01484375 0.03828125
40 0.35234375 0.6984375 0.0171875 0.040625
38 0.36875 0.696875 0.0140625 0.03671875
41 0.3828125 0.69609375 0.01484375 0.0390625
57 0.4 0.69453125 0.015625 0.0375
19 0.41640625 0.6921875 0.015625 0.03984375
42 0.43203125 0.69140625 0.015625 0.03828125
52 0.44921875 0.690625 0.0171875 0.03984375
0 0.478125 0.68828125 0.01640625 0.03515625
0 0.4953125 0.68828125 0.015625 0.0359375
59 0.51171875 0.68828125 0.015625 0.03828125
54 0.5265625 0.68671875 0.015625 0.0375
27 0.54296875 0.68515625 0.01484375 0.03828125
41 0.55859375 0.68359375 0.01484375 0.0375
45 0.57265625 0.68359375 0.01484375 0.03984375
45 0.5890625 0.68203125 0.01484375 0.0390625
33 0.603125 0.68046875 0.01484375 0.0375
55 0.61953125 0.67890625 0.015625 0.0375
0 0.64609375 0.6765625 0.01484375 0.03359375
0 0.6609375 0.675 0.0140625 0.034375
41 0.6765625 0.67421875 0.0140625 0.0359375
45 0.69140625 0.67265625 0.01328125 0.03515625
55 0.70546875 0.6703125 0.0109375 0.03359375
46 0.71875 0.6703125 0.01328125 0.034375