47 0.21953125 0.47578125 0.0796875 0.225
57 0.33125 0.47890625 0.10390625 0.21953125
31 0.44296875 0.478125 0.084375 0.2234375
19 0.5609375 0.48125 0.08828125 0.21640625
55 0.67109375 0.484375 0.09765625 0.228125
55 0.7671875 0.47890625 0.0921875 0.21640625
33 0.8984375 0.4796875 0.1015625 0.221875
37 0.225 0.7296875 0.09296875 0.20390625
41 0.33359375 0.73515625 0.10390625 0.21640625
53 0.45078125 0.7375 0.09453125 0.221875
29 0.5625 0.7375 0.09296875 0.23203125
31 0.6671875 0.73203125 0.09140625 0.23359375
53 0.78984375 0.73984375 0.1046875 0.2296875