14 0.36328125 0.65546875 0.0203125 0.05
31 0.37890625 0.6546875 0.01875 0.0453125
47 0.39375 0.65390625 0.01875 0.04375
53 0.40859375 0.65390625 0.01875 0.046875
0 0.434375 0.65390625 0.01875 0.05
0 0.44921875 0.65546875 0.0203125 0.0484375
51 0.465625 0.65625 0.01875 0.0453125
41 0.48046875 0.65625 0.01875 0.046875
41 0.49453125 0.65546875 0.0171875 0.0453125
37 0.509375 0.653125 0.0203125 0.04375
0 0.53828125 0.6578125 0.01875 0.0453125
0 0.553125 0.65625 0.01875 0.046875
27 0.56796875 0.65546875 0.01875 0.05
54 0.58359375 0.65703125 0.0171875 0.0453125
56 0.59765625 0.6578125 0.01875 0.046875
19 0.6125 0.65546875 0.0203125 0.046875
35 0.628125 0.65625 0.0203125 0.046875
33 0.64375 0.65625 0.0203125 0.0484375
0 0.67265625 0.65859375 0.0203125 0.046875
0 0.6890625 0.65703125 0.01875 0.046875
35 0.703125 0.65625 0.01875 0.0453125
13 0.71796875 0.65703125 0.01875 0.0484375
29 0.73359375 0.65546875 0.021875 0.0546875
0 0.3703125 0.71328125 0.0171875 0.0453125
0 0.384375 0.71171875 0.01875 0.0484375
38 0.39921875 0.71328125 0.0171875 0.04375
41 0.41328125 0.7140625 0.01875 0.04375
57 0.428125 0.7125 0.0171875 0.04375
31 0.4421875 0.71328125 0.0203125 0.046875
53 0.45625 0.7125 0.0171875 0.04375
33 0.47109375 0.71328125 0.0203125 0.0453125