51 0.1734375 0.30234375 0.05859375 0.109375
41 0.25 0.3015625 0.065625 0.11796875
35 0.3375 0.3 0.0640625 0.11875
40 0.41796875 0.30078125 0.065625 0.1109375
27 0.50078125 0.29921875 0.06015625 0.115625
47 0.56171875 0.4578125 0.0640625 0.12265625
57 0.65546875 0.45703125 0.06640625 0.1140625
57 0.74453125 0.459375 0.07109375 0.11640625
28 0.85234375 0.46171875 0.07734375 0.1203125
35 0.1890625 0.6828125 0.0796875 0.134375
31 0.2859375 0.67265625 0.071875 0.12265625
55 0.39453125 0.66875 0.08359375 0.1234375
43 0.49296875 0.6609375 0.07578125 0.134375