47 0.240625 0.153125 0.08359375 0.128125
40 0.328125 0.1578125 0.08515625 0.125
47 0.42890625 0.15625 0.08515625 0.128125
47 0.51796875 0.15546875 0.078125 0.1265625
31 0.60703125 0.15859375 0.08125 0.1265625
47 0.1796875 0.43359375 0.08984375 0.13359375
41 0.26953125 0.4359375 0.0796875 0.125
41 0.37734375 0.43671875 0.08359375 0.12890625
53 0.47578125 0.44453125 0.0765625 0.13046875
19 0.57421875 0.44609375 0.0796875 0.128125
33 0.67109375 0.45 0.08984375 0.13359375
53 0.16015625 0.73828125 0.0953125 0.16875
57 0.265625 0.74609375 0.09375 0.15625
31 0.3640625 0.74296875 0.0921875 0.1421875
45 0.47578125 0.75390625 0.096875 0.14609375
45 0.584375 0.76171875 0.0921875 0.14609375
46 0.6953125 0.76328125 0.10390625 0.1546875