35 0.2984375 0.70703125 0.034375 0.04609375
55 0.33984375 0.6890625 0.028125 0.05
41 0.38203125 0.6671875 0.0296875 0.05
35 0.4203125 0.64140625 0.034375 0.04765625
39 0.45625 0.6203125 0.0359375 0.0515625
9 0.8765625 0.6171875 0.028125 0.040625
45 0.90546875 0.59921875 0.0359375 0.06015625
29 0.94453125 0.58203125 0.0296875 0.0546875
33 0.97265625 0.56953125 0.02734375 0.0515625
45 0.7078125 0.3453125 0.0265625 0.0390625
53 0.6515625 0.31015625 0.025 0.028125
29 0.50859375 0.3890625 0.021875 0.0421875
47 0.28984375 0.45703125 0.0359375 0.03046875
43 0.20234375 0.4859375 0.0265625 0.03515625
47 0.0359375 0.52421875 0.0328125 0.04453125
51 0.77578125 0.26640625 0.0203125 0.03203125
40 0.80625 0.253125 0.0296875 0.0390625
27 0.8390625 0.2453125 0.028125 0.04296875
27 0.865625 0.23984375 0.02109375 0.0375
46 0.8890625 0.234375 0.02734375 0.03515625
57 0.7125 0.115625 0.025 0.0375
55 0.60078125 0.23984375 0.02421875 0.0296875
59 0.5609375 0.26640625 0.01796875 0.03515625
56 0.55 0.21015625 0.0296875 0.03203125
43 0.5046875 0.2734375 0.025 0.0375
51 0.35078125 0.328125 0.02421875 0.04609375
44 0.3765625 0.20703125 0.03046875 0.0390625
44 0.3546875 0.11796875 0.01640625 0.0296875
29 0.57890625 0.1578125 0.0203125 0.03046875
59 0.1671875 0.3109375 0.025 0.03203125
43 0.596875 0.27109375 0.0234375 0.0390625
29 0.371875 0.3890625 0.0296875 0.03359375
27 0.05625 0.45703125 0.028125 0.03046875
22 0.0640625 0.32890625 0.02109375 0.03515625
39 0.1796875 0.23671875 0.02421875 0.0296875