57 0.2625 0.3421875 0.0890625 0.109375
55 0.34375 0.34453125 0.078125 0.1140625
41 0.25390625 0.4875 0.103125 0.11875
41 0.34453125 0.4875 0.084375 0.1109375
39 0.4234375 0.4890625 0.071875 0.10625
0 0.103125 0.33828125 0.075 0.103125
47 0.175 0.33984375 0.071875 0.1
0 0.0953125 0.47421875 0.0703125 0.0984375
47 0.1640625 0.4765625 0.0703125 0.1015625
0 0.0859375 0.609375 0.0625 0.09375
57 0.1609375 0.61171875 0.084375 0.1
33 0.25234375 0.61953125 0.0859375 0.1125
56 0.3375 0.61875 0.0890625 0.1078125
19 0.42109375 0.62109375 0.0796875 0.10625
33 0.509375 0.625 0.0796875 0.109375
22 0.596875 0.6296875 0.0875 0.1171875