0 0.3859375 0.64375 0.021875 0.046875
0 0.40390625 0.64296875 0.015625 0.04375
33 0.41796875 0.640625 0.0140625 0.0390625
55 0.4328125 0.64296875 0.0140625 0.0359375
33 0.446875 0.64140625 0.015625 0.0375
35 0.4609375 0.64140625 0.0171875 0.0375
29 0.4765625 0.63828125 0.015625 0.0390625
57 0.490625 0.63828125 0.015625 0.0375
19 0.50546875 0.634375 0.015625 0.0359375
35 0.52265625 0.634375 0.015625 0.034375
31 0.53828125 0.6328125 0.0171875 0.034375
55 0.553125 0.63125 0.015625 0.0359375
0 0.58125 0.62578125 0.0171875 0.0359375
0 0.596875 0.625 0.015625 0.0359375
57 0.61171875 0.62421875 0.015625 0.0390625
41 0.6265625 0.62265625 0.015625 0.040625
41 0.63984375 0.62109375 0.0140625 0.0390625
43 0.65546875 0.6203125 0.0171875 0.0375
0 0.315625 0.69921875 0.0203125 0.046875
0 0.3328125 0.69765625 0.0171875 0.0484375
31 0.34765625 0.696875 0.015625 0.040625
40 0.3625 0.69765625 0.0171875 0.0390625
38 0.37734375 0.69609375 0.015625 0.0375
41 0.39296875 0.6953125 0.0171875 0.0375
57 0.409375 0.69296875 0.01875 0.040625
19 0.42578125 0.69140625 0.0171875 0.0375
42 0.440625 0.69140625 0.0171875 0.034375
52 0.45703125 0.6890625 0.01875 0.0359375
0 0.48515625 0.68515625 0.01875 0.040625
0 0.5 0.6828125 0.0171875 0.040625
59 0.51796875 0.68125 0.015625 0.0375
54 0.5328125 0.68046875 0.0171875 0.0359375
27 0.54921875 0.68046875 0.0171875 0.0375
41 0.56328125 0.6765625 0.0140625 0.0359375
45 0.57734375 0.6765625 0.015625 0.0390625
45 0.59296875 0.67578125 0.0140625 0.0375
33 0.6078125 0.67265625 0.0171875 0.0375
55 0.6234375 0.6703125 0.015625 0.034375
0 0.6484375 0.66640625 0.01875 0.0359375
0 0.66328125 0.6640625 0.0140625 0.0359375
41 0.678125 0.66328125 0.015625 0.0390625
45 0.69296875 0.6609375 0.015625 0.0390625
55 0.7078125 0.66015625 0.0140625 0.0375
46 0.71953125 0.659375 0.0140625 0.034375