14 0.34609375 0.63359375 0.01328125 0.04296875
31 0.36015625 0.63359375 0.01328125 0.04296875
47 0.37421875 0.6359375 0.01328125 0.0390625
53 0.3890625 0.63671875 0.0140625 0.0421875
0 0.41640625 0.640625 0.0140625 0.0453125
0 0.43125 0.640625 0.0140625 0.0453125
51 0.44609375 0.64296875 0.0140625 0.04296875
41 0.4609375 0.64765625 0.0140625 0.04609375
41 0.47578125 0.64765625 0.015625 0.04765625
37 0.49140625 0.65 0.01484375 0.04609375
0 0.51875 0.65078125 0.015625 0.05
0 0.534375 0.65 0.01328125 0.05078125
27 0.5484375 0.6546875 0.0140625 0.0484375
54 0.56328125 0.659375 0.0140625 0.046875
56 0.57734375 0.65859375 0.01328125 0.04765625
19 0.59375 0.66171875 0.015625 0.04765625
35 0.609375 0.66328125 0.01484375 0.04765625
33 0.62421875 0.66328125 0.01484375 0.04765625
0 0.653125 0.66875 0.015625 0.04765625
0 0.66875 0.66953125 0.01484375 0.04609375
35 0.684375 0.67109375 0.015625 0.04921875
13 0.69921875 0.675 0.01328125 0.0484375
29 0.71640625 0.6765625 0.0171875 0.0453125
0 0.3453125 0.690625 0.0140625 0.04296875
0 0.36015625 0.69140625 0.01484375 0.04296875
38 0.375 0.69296875 0.01328125 0.0453125
41 0.3890625 0.6953125 0.0140625 0.04453125
57 0.40234375 0.6953125 0.01171875 0.04375
31 0.41796875 0.69609375 0.01484375 0.04453125
53 0.43203125 0.6984375 0.01328125 0.04453125
33 0.44609375 0.7015625 0.015625 0.04375