51 0.18828125 0.2796875 0.065625 0.1125
41 0.2640625 0.284375 0.0734375 0.121875
35 0.3515625 0.2890625 0.071875 0.1234375
40 0.43203125 0.2953125 0.0734375 0.115625
27 0.51484375 0.3 0.06875 0.1203125
47 0.56484375 0.4625 0.071875 0.1265625
57 0.6578125 0.46796875 0.0734375 0.11875
57 0.746875 0.4765625 0.0796875 0.1203125
28 0.85390625 0.48671875 0.0859375 0.125
35 0.17734375 0.6609375 0.0890625 0.1390625
31 0.27421875 0.65703125 0.0796875 0.128125
55 0.3828125 0.6609375 0.0921875 0.1296875
43 0.48203125 0.66015625 0.084375 0.1390625