22 0.025 0.43046875 0.05 0.1015625
49 0.06796875 0.42109375 0.05625 0.0984375
46 0.115625 0.4171875 0.0625 0.0984375
22 0.20703125 0.39921875 0.0515625 0.09375
33 0.25234375 0.38828125 0.0546875 0.090625
40 0.34453125 0.37734375 0.0546875 0.0984375
27 0.38828125 0.36484375 0.0578125 0.0984375
33 0.434375 0.359375 0.053125 0.1
47 0.528125 0.33984375 0.0546875 0.096875
57 0.57109375 0.33203125 0.05625 0.096875
31 0.6140625 0.32265625 0.05625 0.096875
19 0.665625 0.315625 0.0546875 0.09375
55 0.7078125 0.3078125 0.0546875 0.096875
55 0.75078125 0.29921875 0.0640625 0.0984375
33 0.80625 0.2890625 0.0625 0.09375
41 0.89296875 0.27421875 0.053125 0.0890625
45 0.9359375 0.265625 0.0578125 0.09375
41 0.05703125 0.54296875 0.0546875 0.0984375
41 0.10078125 0.53515625 0.05625 0.1
59 0.14765625 0.52421875 0.0546875 0.09375
47 0.24296875 0.51171875 0.0546875 0.090625
57 0.2859375 0.50625 0.0546875 0.09375
31 0.32578125 0.49609375 0.05 0.090625
45 0.37890625 0.490625 0.05625 0.1
37 0.421875 0.48203125 0.059375 0.09375
33 0.4671875 0.4734375 0.0546875 0.09375
37 0.51484375 0.46328125 0.05625 0.1
59 0.6046875 0.45 0.059375 0.09375
31 0.64609375 0.4390625 0.0484375 0.0921875
35 0.69765625 0.434375 0.059375 0.0953125
39 0.740625 0.41875 0.0578125 0.1078125
31 0.784375 0.41484375 0.0578125 0.096875
53 0.82734375 0.4046875 0.059375 0.090625
19 0.8765625 0.396875 0.0546875 0.0921875
45 0.9234375 0.390625 0.0546875 0.090625
53 0.9671875 0.3859375 0.053125 0.0953125