47 0.62109375 0.24375 0.0109375 0.025
31 0.63125 0.24453125 0.009375 0.0234375
27 0.640625 0.24453125 0.009375 0.0234375
33 0.65859375 0.2453125 0.0109375 0.025
29 0.66796875 0.2453125 0.0109375 0.0234375
35 0.621875 0.2875 0.009375 0.0234375
55 0.63125 0.28671875 0.009375 0.0234375
19 0.640625 0.2890625 0.0109375 0.025
35 0.65 0.28984375 0.009375 0.021875
55 0.5484375 0.34765625 0.009375 0.0234375
41 0.5578125 0.3484375 0.009375 0.021875
29 0.56640625 0.3484375 0.009375 0.0234375
27 0.57578125 0.34921875 0.0109375 0.0265625