47 0.603125 0.2359375 0.009375 0.025
31 0.61328125 0.2359375 0.00859375 0.02265625
27 0.62265625 0.23515625 0.00859375 0.02265625
33 0.640625 0.23515625 0.00859375 0.02421875
29 0.65 0.234375 0.009375 0.02265625
35 0.60703125 0.2796875 0.0078125 0.02265625
55 0.61640625 0.278125 0.00703125 0.02265625
19 0.62578125 0.2796875 0.00859375 0.02421875
35 0.63515625 0.2796875 0.0078125 0.021875
55 0.5375 0.34453125 0.00859375 0.02265625
41 0.546875 0.34453125 0.0078125 0.021875
29 0.55546875 0.34453125 0.00703125 0.02265625
27 0.56484375 0.34453125 0.009375 0.0265625