43 0.41953125 0.6921875 0.0171875 0.06484375
59 0.43828125 0.70078125 0.015625 0.06640625
19 0.4578125 0.71015625 0.01796875 0.0625
57 0.478125 0.7234375 0.01953125 0.0734375
33 0.49921875 0.73203125 0.02109375 0.0765625
27 0.525 0.74765625 0.02421875 0.0796875
10 0.54921875 0.76484375 0.02421875 0.078125
0 0.57109375 0.775 0.02265625 0.06953125
0 0.63828125 0.8109375 0.028125 0.08828125
0 0.6703125 0.83046875 0.0296875 0.0859375
57 0.70859375 0.8375 0.03203125 0.10078125
41 0.74921875 0.85859375 0.03203125 0.1046875
41 0.79453125 0.87890625 0.034375 0.1171875
43 0.84453125 0.8984375 0.040625 0.121875