47 0.634375 0.25 0.0109375 0.0234375
31 0.64375 0.25078125 0.0109375 0.0234375
27 0.653125 0.2515625 0.0109375 0.0234375
7 0.66328125 0.2515625 0.0109375 0.0234375
33 0.671875 0.25390625 0.0109375 0.025
29 0.68203125 0.2546875 0.0109375 0.025
35 0.634375 0.29296875 0.0109375 0.0234375
47 0.64296875 0.29375 0.0109375 0.021875
19 0.6515625 0.2953125 0.009375 0.0203125
35 0.6609375 0.296875 0.0109375 0.021875
47 0.6703125 0.29765625 0.009375 0.021875
55 0.55546875 0.34921875 0.0109375 0.0234375
41 0.56484375 0.3515625 0.0109375 0.0234375
29 0.57421875 0.35234375 0.0109375 0.0234375
27 0.5828125 0.35234375 0.0109375 0.0234375