0 0.1734375 0.13515625 0.0296875 0.04765625
43 0.2109375 0.1359375 0.0328125 0.05
31 0.25 0.13515625 0.03359375 0.0484375
46 0.28984375 0.134375 0.03671875 0.04921875
46 0.3703125 0.1375 0.03515625 0.04765625
41 0.40546875 0.13828125 0.03125 0.0421875
40 0.44609375 0.13828125 0.0296875 0.04921875
55 0.53203125 0.140625 0.03359375 0.04765625
19 0.56953125 0.13828125 0.02890625 0.05
56 0.6078125 0.140625 0.03359375 0.04609375
33 0.64609375 0.13984375 0.034375 0.04609375
31 0.72578125 0.14375 0.03203125 0.05
55 0.76484375 0.14375 0.03515625 0.04921875
55 0.8046875 0.14296875 0.03671875 0.05078125
29 0.240625 0.3 0.0375 0.05234375
49 0.28359375 0.30234375 0.03359375 0.04921875
33 0.32265625 0.3015625 0.0375 0.05234375
37 0.40703125 0.3046875 0.03359375 0.053125
31 0.44453125 0.303125 0.03203125 0.05234375
46 0.484375 0.30546875 0.03515625 0.05078125
27 0.521875 0.3046875 0.03359375 0.05
41 0.60078125 0.3046875 0.03203125 0.05
51 0.640625 0.30625 0.03359375 0.046875
46 0.7203125 0.30703125 0.03203125 0.04921875
41 0.75703125 0.30703125 0.0296875 0.05
40 0.796875 0.309375 0.03671875 0.04921875
57 0.8359375 0.31015625 0.028125 0.05234375
55 0.32734375 0.47421875 0.0359375 0.046875
19 0.36953125 0.47421875 0.03046875 0.05
51 0.40625 0.475 0.028125 0.05
33 0.446875 0.475 0.03125 0.04609375
18 0.48828125 0.475 0.03359375 0.05234375