37 0.1390625 0.56640625 0.0484375 0.0796875
19 0.16796875 0.53671875 0.040625 0.0828125
27 0.196875 0.51015625 0.0421875 0.0703125
31 0.22109375 0.48515625 0.0421875 0.0671875
47 0.24921875 0.459375 0.04375 0.0765625
19 0.278125 0.42734375 0.040625 0.071875
55 0.30546875 0.40625 0.04375 0.0671875
19 0.33515625 0.37578125 0.0390625 0.071875
29 0.36015625 0.35078125 0.0421875 0.0671875
46 0.384375 0.32265625 0.046875 0.065625
31 0.42421875 0.2828125 0.046875 0.065625
35 0.44921875 0.2578125 0.04375 0.0640625
29 0.47890625 0.2390625 0.0453125 0.0640625
19 0.5015625 0.21171875 0.0359375 0.071875
41 0.525 0.2 0.0390625 0.0640625
45 0.5484375 0.1734375 0.04375 0.075
22 0.590625 0.1328125 0.0453125 0.053125
33 0.6078125 0.11328125 0.0359375 0.0453125
33 0.62578125 0.09609375 0.0328125 0.05
39 0.64765625 0.08203125 0.034375 0.053125
31 0.1625 0.6265625 0.04375 0.053125
22 0.2015625 0.5921875 0.0453125 0.065625
31 0.22734375 0.565625 0.0390625 0.0625
57 0.25390625 0.53984375 0.0484375 0.071875
37 0.284375 0.5046875 0.0421875 0.0671875
27 0.31328125 0.47421875 0.0421875 0.075
14 0.36953125 0.425 0.04375 0.0671875
47 0.39296875 0.40390625 0.040625 0.059375
21 0.41953125 0.37578125 0.0421875 0.06875
31 0.4390625 0.346875 0.040625 0.0625
31 0.4625 0.32421875 0.0421875 0.0640625
35 0.20546875 0.68828125 0.05 0.065625
41 0.234375 0.65703125 0.046875 0.071875
43 0.2640625 0.62578125 0.04375 0.0765625
43 0.29296875 0.6 0.046875 0.0765625
40 0.32421875 0.56640625 0.0515625 0.06875
45 0.35234375 0.53203125 0.04375 0.0796875
19 0.38046875 0.5 0.046875 0.0765625
29 0.40859375 0.47578125 0.0421875 0.0671875
46 0.4359375 0.4515625 0.0515625 0.0625
41 0.48046875 0.39921875 0.05 0.065625
57 0.509375 0.378125 0.0453125 0.0625
53 0.53125 0.346875 0.0421875 0.06875
31 0.553125 0.32265625 0.034375 0.0625
45 0.578125 0.3015625 0.0453125 0.0671875
19 0.60390625 0.278125 0.0390625 0.0671875
27 0.62265625 0.25703125 0.0390625 0.0671875
31 0.6453125 0.2390625 0.0375 0.0609375
29 0.665625 0.2109375 0.0375 0.0609375
19 0.6859375 0.19296875 0.03125 0.0640625
41 0.70546875 0.17421875 0.0375 0.0609375
45 0.72421875 0.1546875 0.0390625 0.0609375
31 0.76015625 0.12265625 0.0390625 0.05
22 0.7828125 0.10625 0.040625 0.0640625
31 0.7921875 0.07578125 0.028125 0.0265625
57 0.81171875 0.071875 0.0375 0.05625
37 0.83046875 0.05 0.0328125 0.0484375
37 0.240625 0.75 0.05 0.0703125
19 0.275 0.71171875 0.04375 0.0609375
27 0.303125 0.6953125 0.046875 0.0859375
31 0.3296875 0.6578125 0.0390625 0.06875
47 0.35703125 0.62890625 0.04375 0.0671875
19 0.38828125 0.59140625 0.0421875 0.071875
55 0.41875 0.565625 0.0453125 0.071875
19 0.4484375 0.53125 0.04375 0.0765625
29 0.47734375 0.509375 0.046875 0.075
46 0.503125 0.48359375 0.0546875 0.0734375
41 0.546875 0.428125 0.0515625 0.0671875
57 0.5734375 0.4 0.0421875 0.0703125
53 0.596875 0.371875 0.0421875 0.0671875
31 0.61953125 0.3453125 0.040625 0.0515625
45 0.64453125 0.3296875 0.0453125 0.0734375
19 0.66796875 0.303125 0.0375 0.0703125
27 0.68828125 0.28125 0.0375 0.0703125
31 0.70859375 0.2625 0.040625 0.0578125
29 0.728125 0.240625 0.034375 0.0671875
19 0.74609375 0.21953125 0.0359375 0.075
41 0.76640625 0.20625 0.0390625 0.0609375
45 0.7875 0.175 0.04375 0.0578125
45 0.28046875 0.8265625 0.053125 0.08125
56 0.3203125 0.79375 0.0609375 0.0765625
31 0.36875 0.72890625 0.0453125 0.065625
35 0.4015625 0.68984375 0.046875 0.0734375
35 0.43125 0.65234375 0.04375 0.08125
33 0.4625 0.63125 0.05 0.08125
27 0.49375 0.6 0.040625 0.078125
27 0.5234375 0.5703125 0.053125 0.0828125
19 0.5671875 0.509375 0.0453125 0.0765625
45 0.59375 0.48515625 0.046875 0.071875
35 0.62109375 0.45625 0.053125 0.078125