14 0.35078125 0.6390625 0.0140625 0.04375
31 0.36484375 0.63828125 0.0140625 0.04375
47 0.37890625 0.640625 0.0140625 0.0390625
53 0.39375 0.640625 0.015625 0.0421875
0 0.42109375 0.64375 0.015625 0.0453125
0 0.4359375 0.64296875 0.015625 0.0453125
51 0.45078125 0.64453125 0.015625 0.04375
41 0.46640625 0.64921875 0.015625 0.046875
41 0.48125 0.6484375 0.0171875 0.0484375
37 0.496875 0.65 0.0171875 0.046875
0 0.52421875 0.65 0.0171875 0.05
0 0.53984375 0.6484375 0.015625 0.0515625
27 0.55390625 0.653125 0.015625 0.0484375
54 0.56875 0.65703125 0.015625 0.046875
56 0.5828125 0.65546875 0.015625 0.0484375
19 0.59921875 0.65859375 0.0171875 0.0484375
35 0.61484375 0.659375 0.0171875 0.0484375
33 0.6296875 0.65859375 0.0171875 0.0484375
0 0.65859375 0.66328125 0.0171875 0.0484375
0 0.67421875 0.66328125 0.0171875 0.046875
35 0.68984375 0.66484375 0.0171875 0.05
13 0.70546875 0.66796875 0.015625 0.0484375
29 0.72265625 0.66875 0.01875 0.0453125
0 0.35234375 0.69609375 0.015625 0.04375
0 0.3671875 0.69609375 0.015625 0.04375
38 0.38203125 0.696875 0.015625 0.0453125
41 0.39609375 0.69921875 0.015625 0.0453125
57 0.409375 0.6984375 0.0125 0.04375
31 0.425 0.69921875 0.015625 0.0453125
53 0.4390625 0.70078125 0.0140625 0.0453125
33 0.453125 0.703125 0.0171875 0.04375