0 0.24453125 0.3015625 0.01875 0.0390625
35 0.25859375 0.3 0.01875 0.0390625
41 0.27421875 0.296875 0.0171875 0.0375
57 0.290625 0.29453125 0.01875 0.0359375
37 0.3046875 0.29296875 0.01875 0.0375
19 0.32109375 0.28984375 0.01875 0.0390625
31 0.3359375 0.2875 0.01875 0.0359375
55 0.3515625 0.2828125 0.01875 0.034375
55 0.36796875 0.28203125 0.0203125 0.0359375
46 0.38359375 0.2796875 0.0171875 0.0359375
15 0.396875 0.27734375 0.0171875 0.0359375
0 0.253125 0.34765625 0.0171875 0.0390625
43 0.2671875 0.3484375 0.0171875 0.0359375
19 0.28359375 0.3453125 0.015625 0.034375
43 0.2984375 0.34296875 0.0171875 0.0390625
19 0.31328125 0.34140625 0.0171875 0.0375
0 0.3359375 0.33515625 0.0171875 0.0375
27 0.35078125 0.33359375 0.0171875 0.0375
41 0.36484375 0.33125 0.0171875 0.0359375
43 0.3796875 0.3296875 0.0171875 0.0375
27 0.3953125 0.32890625 0.01875 0.0390625
31 0.41171875 0.32578125 0.0171875 0.0375
45 0.42734375 0.3234375 0.0171875 0.0390625
19 0.44296875 0.32109375 0.01875 0.0390625
29 0.4578125 0.3171875 0.0203125 0.0421875
49 0.4734375 0.31484375 0.01875 0.0421875