0 0.0875 0.571875 0.03125 0.0734375
49 0.11796875 0.56953125 0.03125 0.075
33 0.15 0.5671875 0.0390625 0.06875
22 0.21484375 0.56875 0.0390625 0.0765625
53 0.275 0.56484375 0.0328125 0.0796875
36 0.334375 0.55625 0.0328125 0.0796875
41 0.36484375 0.55546875 0.0375 0.0765625
59 0.40078125 0.5546875 0.0328125 0.075
59 0.434375 0.55703125 0.0328125 0.06875
12 0.46796875 0.553125 0.040625 0.0765625
62 0.5265625 0.5515625 0.0375 0.075
28 0.59140625 0.5484375 0.034375 0.0796875
51 0.6484375 0.54296875 0.0375 0.0734375
41 0.68125 0.5421875 0.0359375 0.0796875
41 0.71484375 0.540625 0.0359375 0.0796875
37 0.75 0.53359375 0.0375 0.0765625
55 0.8109375 0.53125 0.034375 0.0796875
31 0.8421875 0.53125 0.0328125 0.0796875
29 0.875 0.53046875 0.0359375 0.0734375
54 0.90859375 0.53203125 0.0328125 0.08125
18 0.94296875 0.528125 0.03125 0.0765625