43 0.4328125 0.69765625 0.021875 0.065625
59 0.45234375 0.7046875 0.0203125 0.0671875
19 0.47265625 0.7125 0.021875 0.0640625
57 0.49375 0.72421875 0.025 0.075
33 0.515625 0.73125 0.0265625 0.078125
27 0.5421875 0.7453125 0.0296875 0.08125
10 0.5671875 0.7609375 0.0296875 0.0796875
0 0.58984375 0.76953125 0.028125 0.0703125
0 0.659375 0.80078125 0.034375 0.090625
0 0.69296875 0.81796875 0.0359375 0.0875
57 0.73125 0.821875 0.0390625 0.103125
41 0.7734375 0.840625 0.0390625 0.10625
41 0.8203125 0.8578125 0.0421875 0.11875
43 0.871875 0.8734375 0.0484375 0.125