0 0.3921875 0.6453125 0.01875 0.0453125
0 0.4078125 0.64453125 0.015625 0.0421875
33 0.42265625 0.64375 0.0171875 0.0390625
55 0.43671875 0.64140625 0.015625 0.0421875
33 0.44921875 0.64296875 0.015625 0.040625
35 0.46328125 0.63984375 0.015625 0.0421875
29 0.478125 0.6390625 0.0171875 0.0421875
57 0.49296875 0.6375 0.015625 0.040625
19 0.5078125 0.6359375 0.0171875 0.040625
35 0.52578125 0.6328125 0.0171875 0.0421875
31 0.540625 0.63359375 0.015625 0.0390625
55 0.55625 0.62890625 0.0171875 0.0421875
0 0.5828125 0.6265625 0.0171875 0.034375
0 0.596875 0.6234375 0.0140625 0.0359375
57 0.61171875 0.62109375 0.015625 0.034375
41 0.6265625 0.61953125 0.015625 0.0375
41 0.640625 0.61796875 0.0140625 0.0359375
43 0.653125 0.61640625 0.0171875 0.0375
0 0.321875 0.7 0.0171875 0.04375
0 0.3375 0.7 0.015625 0.0390625
31 0.353125 0.69921875 0.015625 0.0390625
40 0.3671875 0.69609375 0.015625 0.040625
38 0.3828125 0.6953125 0.0171875 0.0375
41 0.39765625 0.69296875 0.015625 0.0390625
57 0.41484375 0.6921875 0.0171875 0.0390625
19 0.4296875 0.68984375 0.015625 0.0359375
42 0.44453125 0.68984375 0.015625 0.0375
52 0.4609375 0.68671875 0.01875 0.0390625
0 0.4890625 0.68359375 0.015625 0.0390625
0 0.503125 0.68125 0.015625 0.0359375
59 0.5203125 0.6796875 0.01875 0.0390625
54 0.5359375 0.67734375 0.0140625 0.034375
27 0.55078125 0.675 0.0171875 0.0359375
41 0.56484375 0.6765625 0.015625 0.0390625
45 0.5796875 0.67265625 0.0140625 0.0375
45 0.5953125 0.67265625 0.0171875 0.0375
33 0.609375 0.67109375 0.015625 0.0421875
55 0.62421875 0.66640625 0.015625 0.040625
0 0.65 0.66015625 0.0171875 0.040625
0 0.66328125 0.6578125 0.0140625 0.040625
41 0.678125 0.65703125 0.0171875 0.0421875
45 0.69296875 0.65546875 0.015625 0.0359375
55 0.7078125 0.6546875 0.015625 0.034375
46 0.72109375 0.653125 0.0171875 0.0390625