14 0.33828125 0.62578125 0.01875 0.046875
31 0.3546875 0.62578125 0.0140625 0.04375
47 0.36953125 0.62734375 0.0140625 0.04375
53 0.38359375 0.6265625 0.0140625 0.04375
0 0.4109375 0.62890625 0.015625 0.046875
0 0.425 0.6296875 0.0140625 0.0453125
51 0.43984375 0.63125 0.0125 0.0421875
41 0.45390625 0.634375 0.0140625 0.046875
41 0.46875 0.6375 0.015625 0.0453125
37 0.48359375 0.63671875 0.015625 0.04375
0 0.51171875 0.63984375 0.015625 0.0484375
0 0.52734375 0.6421875 0.0140625 0.046875
27 0.5421875 0.6421875 0.0140625 0.0453125
54 0.55703125 0.64453125 0.0125 0.0453125
56 0.571875 0.64609375 0.0140625 0.0453125
19 0.58671875 0.6453125 0.0140625 0.0453125
35 0.60234375 0.64765625 0.015625 0.0421875
33 0.61796875 0.64765625 0.015625 0.0421875
0 0.64765625 0.65234375 0.0140625 0.0484375
0 0.6625 0.653125 0.015625 0.05
35 0.67890625 0.65703125 0.0125 0.0453125
13 0.69296875 0.65859375 0.015625 0.046875
29 0.709375 0.659375 0.0171875 0.0484375
0 0.3390625 0.68203125 0.0140625 0.040625
0 0.3546875 0.68203125 0.0140625 0.04375
38 0.36875 0.68203125 0.0140625 0.0453125
41 0.3828125 0.68515625 0.0125 0.0453125
57 0.39765625 0.6859375 0.015625 0.046875
31 0.4125 0.6875 0.0125 0.0421875
53 0.4265625 0.68828125 0.0140625 0.0421875
33 0.44140625 0.68828125 0.0140625 0.04375