43 0.41953125 0.6890625 0.015625 0.0625
59 0.43828125 0.6984375 0.01875 0.06875
19 0.4578125 0.70859375 0.015625 0.059375
57 0.478125 0.7203125 0.0171875 0.075
33 0.5 0.73359375 0.01875 0.075
27 0.5234375 0.74296875 0.021875 0.0796875
10 0.54921875 0.76171875 0.021875 0.084375
0 0.5703125 0.775 0.01875 0.0828125
0 0.634375 0.80234375 0.03125 0.09375
0 0.6703125 0.828125 0.03125 0.0921875
57 0.70703125 0.83671875 0.034375 0.10625
41 0.74765625 0.8515625 0.03125 0.10625
41 0.79140625 0.8765625 0.0375 0.1140625
43 0.840625 0.89453125 0.0453125 0.121875