27 0.228125 0.3265625 0.09375 0.1203125
19 0.31484375 0.3203125 0.0875 0.1140625
44 0.40546875 0.31953125 0.0875 0.1265625
29 0.5 0.31484375 0.0921875 0.11875
46 0.590625 0.31640625 0.08125 0.115625
29 0.228125 0.45078125 0.0828125 0.109375
49 0.321875 0.4453125 0.08125 0.11875
57 0.415625 0.44375 0.0859375 0.1171875
33 0.50703125 0.44375 0.084375 0.11875
33 0.5921875 0.43359375 0.0953125 0.1296875
51 0.234375 0.571875 0.075 0.11875
33 0.325 0.571875 0.08125 0.1125
55 0.41953125 0.5703125 0.0796875 0.1203125
29 0.50703125 0.56484375 0.0796875 0.1171875
35 0.24609375 0.70234375 0.084375 0.11875
19 0.33125 0.7015625 0.0765625 0.109375
57 0.41484375 0.69609375 0.0828125 0.11875
35 0.50859375 0.69765625 0.0859375 0.109375
55 0.59921875 0.6859375 0.0828125 0.1234375
33 0.69375 0.69375 0.0875 0.1140625
27 0.784375 0.6859375 0.08125 0.125