0 0.38046875 0.64296875 0.0171875 0.0421875
0 0.39609375 0.6421875 0.0125 0.0421875
33 0.4109375 0.64296875 0.0140625 0.040625
55 0.42578125 0.6421875 0.0140625 0.040625
33 0.440625 0.64296875 0.0125 0.040625
35 0.4546875 0.6421875 0.015625 0.0390625
29 0.4703125 0.63984375 0.0140625 0.0390625
57 0.4859375 0.63984375 0.0140625 0.0375
19 0.5015625 0.63828125 0.015625 0.0375
35 0.51796875 0.63828125 0.015625 0.0375
31 0.534375 0.6375 0.0140625 0.0375
55 0.55078125 0.6359375 0.015625 0.040625
0 0.57734375 0.63359375 0.0171875 0.0359375
0 0.59296875 0.63203125 0.0125 0.0375
57 0.60859375 0.63125 0.015625 0.0359375
41 0.6234375 0.6296875 0.0125 0.0375
41 0.6375 0.6296875 0.0125 0.0375
43 0.653125 0.6296875 0.015625 0.0375
0 0.30546875 0.69609375 0.0171875 0.046875
0 0.32265625 0.69609375 0.015625 0.046875
31 0.33828125 0.696875 0.015625 0.04375
40 0.353125 0.696875 0.015625 0.0390625
38 0.36875 0.69609375 0.015625 0.040625
41 0.384375 0.6953125 0.015625 0.040625
57 0.40078125 0.69375 0.015625 0.0390625
19 0.4171875 0.69296875 0.0140625 0.0375
42 0.43203125 0.690625 0.015625 0.0375
52 0.45 0.69140625 0.015625 0.0375
0 0.47890625 0.6890625 0.015625 0.0359375
0 0.49453125 0.68828125 0.0140625 0.0359375
59 0.51171875 0.6859375 0.015625 0.0359375
54 0.52734375 0.68515625 0.0140625 0.0359375
27 0.54296875 0.68359375 0.0140625 0.0375
41 0.5578125 0.6828125 0.0140625 0.0375
45 0.57265625 0.68125 0.0140625 0.0375
45 0.58828125 0.68046875 0.015625 0.0375
33 0.603125 0.67890625 0.0140625 0.0359375
55 0.61796875 0.67890625 0.015625 0.0359375
0 0.6453125 0.67578125 0.015625 0.034375
0 0.66015625 0.67421875 0.0125 0.03125
41 0.67578125 0.67109375 0.015625 0.0359375
45 0.68984375 0.67265625 0.0140625 0.0359375
55 0.70390625 0.66953125 0.0125 0.0359375
46 0.7171875 0.6703125 0.0140625 0.034375