0 0.3765625 0.6296875 0.01875 0.0421875
0 0.39140625 0.63203125 0.0171875 0.04375
33 0.4046875 0.6328125 0.0171875 0.0375
55 0.41875 0.63359375 0.015625 0.0375
33 0.43359375 0.63359375 0.0171875 0.0421875
35 0.446875 0.634375 0.01875 0.0421875
29 0.46171875 0.63515625 0.0171875 0.04375
57 0.47578125 0.63515625 0.0171875 0.0421875
19 0.4921875 0.634375 0.01875 0.0421875
35 0.5078125 0.634375 0.0171875 0.0390625
31 0.52421875 0.63515625 0.01875 0.0375
55 0.53984375 0.63515625 0.0171875 0.0359375
0 0.56640625 0.63203125 0.01875 0.0359375
0 0.58046875 0.6328125 0.0140625 0.0359375
57 0.59609375 0.6328125 0.015625 0.0375
41 0.6109375 0.6328125 0.015625 0.040625
41 0.62421875 0.634375 0.015625 0.0375
43 0.6390625 0.63359375 0.0203125 0.040625
0 0.3 0.6765625 0.01875 0.04375
0 0.31484375 0.67890625 0.015625 0.040625
31 0.33046875 0.678125 0.01875 0.0421875
40 0.3453125 0.68046875 0.01875 0.0421875
38 0.36015625 0.6796875 0.0171875 0.0359375
41 0.37578125 0.6796875 0.0171875 0.0390625
57 0.39140625 0.6796875 0.01875 0.0390625
19 0.40703125 0.68046875 0.015625 0.040625
42 0.42265625 0.6796875 0.0171875 0.0421875
52 0.43984375 0.68046875 0.0203125 0.0421875
0 0.4671875 0.67890625 0.01875 0.0421875
0 0.48203125 0.678125 0.015625 0.0375
59 0.49921875 0.6796875 0.0171875 0.0359375
54 0.5140625 0.68046875 0.0171875 0.0359375
27 0.53046875 0.67890625 0.01875 0.040625
41 0.54375 0.6796875 0.015625 0.0359375
45 0.5578125 0.6796875 0.0171875 0.0390625
45 0.57265625 0.6828125 0.0171875 0.04375
33 0.58828125 0.6796875 0.015625 0.0359375
55 0.603125 0.6796875 0.0203125 0.034375
0 0.6296875 0.68046875 0.015625 0.034375
0 0.64296875 0.6796875 0.015625 0.034375
41 0.6578125 0.6796875 0.0171875 0.0375
45 0.671875 0.67734375 0.0140625 0.040625
55 0.6859375 0.678125 0.0171875 0.0390625
46 0.69921875 0.678125 0.0171875 0.0359375