43 0.421875 0.68828125 0.015625 0.06640625
59 0.4390625 0.69453125 0.01796875 0.06953125
19 0.45859375 0.703125 0.01796875 0.0671875
57 0.478125 0.7171875 0.0171875 0.078125
33 0.4984375 0.728125 0.02109375 0.078125
27 0.5234375 0.74140625 0.021875 0.08359375
10 0.546875 0.7546875 0.021875 0.084375
0 0.5671875 0.765625 0.01875 0.08046875
0 0.63046875 0.79453125 0.034375 0.10390625
0 0.66484375 0.80390625 0.0328125 0.11640625
57 0.70234375 0.8234375 0.034375 0.10859375
41 0.74296875 0.85078125 0.03671875 0.11171875
41 0.78515625 0.86796875 0.040625 0.11171875
43 0.834375 0.88828125 0.04453125 0.125