5 0.2421875 0.38671875 0.084375 0.1328125
35 0.33046875 0.38515625 0.084375 0.1328125
29 0.4546875 0.3734375 0.084375 0.1375
19 0.5359375 0.37109375 0.0734375 0.134375
43 0.621875 0.371875 0.0703125 0.1265625
31 0.709375 0.375 0.078125 0.1359375
43 0.328125 0.51484375 0.0765625 0.1171875
33 0.415625 0.5109375 0.0796875 0.121875
39 0.5046875 0.51171875 0.0859375 0.1265625
39 0.590625 0.5125 0.078125 0.1265625
31 0.68203125 0.50703125 0.0859375 0.1234375
55 0.23828125 0.6453125 0.0796875 0.1171875
41 0.33359375 0.6453125 0.078125 0.1203125
40 0.41640625 0.64140625 0.084375 0.125
57 0.503125 0.63984375 0.078125 0.1203125
37 0.5875 0.64375 0.0828125 0.13125
33 0.6734375 0.64140625 0.0796875 0.125
27 0.7578125 0.63359375 0.090625 0.1421875