0 0.36171875 0.6140625 0.025 0.0484375
0 0.378125 0.61640625 0.0203125 0.0453125
33 0.39140625 0.6203125 0.0203125 0.0421875
55 0.40625 0.6234375 0.0203125 0.0390625
33 0.4203125 0.6234375 0.021875 0.040625
35 0.4328125 0.628125 0.0203125 0.0375
29 0.446875 0.62890625 0.021875 0.0390625
57 0.4640625 0.63203125 0.0203125 0.0375
19 0.478125 0.6328125 0.021875 0.0390625
35 0.49453125 0.634375 0.0203125 0.0375
31 0.51015625 0.63671875 0.0203125 0.0359375
55 0.525 0.6375 0.0203125 0.0375
0 0.553125 0.6421875 0.0203125 0.0359375
0 0.56796875 0.64296875 0.01875 0.0375
57 0.5828125 0.64375 0.0203125 0.0359375
41 0.59765625 0.64453125 0.01875 0.0375
41 0.61171875 0.646875 0.0203125 0.0390625
43 0.625 0.6484375 0.01875 0.0375
0 0.28046875 0.6546875 0.0234375 0.0421875
0 0.29609375 0.6578125 0.0203125 0.040625
31 0.31171875 0.66015625 0.0203125 0.040625
40 0.3265625 0.6640625 0.021875 0.040625
38 0.34140625 0.6640625 0.0203125 0.040625
41 0.35625 0.665625 0.0203125 0.0390625
57 0.3734375 0.66875 0.0203125 0.0390625
19 0.38984375 0.66953125 0.021875 0.0390625
42 0.4046875 0.671875 0.0203125 0.0375
52 0.42109375 0.67265625 0.021875 0.0375
0 0.4484375 0.67734375 0.0203125 0.0390625
0 0.4625 0.67890625 0.01875 0.0375
59 0.4796875 0.68125 0.0203125 0.0421875
54 0.4953125 0.68359375 0.021875 0.0390625
27 0.51015625 0.68359375 0.01875 0.0375
41 0.52421875 0.684375 0.01875 0.0390625
45 0.53984375 0.684375 0.0203125 0.040625
45 0.55546875 0.6875 0.0234375 0.0421875
33 0.56953125 0.69140625 0.0203125 0.040625
55 0.5859375 0.6921875 0.0234375 0.040625
0 0.61015625 0.690625 0.021875 0.040625
0 0.62421875 0.6921875 0.01875 0.0390625
41 0.63828125 0.69609375 0.021875 0.0421875
45 0.653125 0.69609375 0.01875 0.0390625
55 0.6671875 0.69765625 0.01875 0.0359375
46 0.68125 0.6984375 0.0203125 0.034375