22 0.25078125 0.30390625 0.1171875 0.1765625
41 0.390625 0.29296875 0.1171875 0.1765625
57 0.51484375 0.28046875 0.121875 0.178125
55 0.615625 0.271875 0.096875 0.175
37 0.70625 0.2640625 0.1125 0.1765625
47 0.234375 0.540625 0.1015625 0.184375
57 0.3265625 0.5234375 0.1140625 0.16875
33 0.43125 0.5140625 0.121875 0.16875
31 0.53125 0.5015625 0.103125 0.1640625
55 0.60859375 0.4921875 0.0828125 0.15625
55 0.67734375 0.4859375 0.08125 0.1515625
33 0.7578125 0.4765625 0.1015625 0.15625
37 0.4125 0.72890625 0.121875 0.16875
31 0.5265625 0.71796875 0.0953125 0.1671875
46 0.6203125 0.7078125 0.1203125 0.16875