22 0.26875 0.2828125 0.103125 0.16875
41 0.409375 0.284375 0.103125 0.16875
57 0.53359375 0.2828125 0.1078125 0.16875
55 0.63515625 0.2828125 0.0828125 0.16875
37 0.72578125 0.2828125 0.0984375 0.16875
47 0.23203125 0.5171875 0.0859375 0.178125
57 0.325 0.50859375 0.1 0.1609375
33 0.43046875 0.5078125 0.1078125 0.159375
31 0.53125 0.5046875 0.090625 0.15625
55 0.60859375 0.5015625 0.0703125 0.15
55 0.678125 0.5015625 0.06875 0.146875
33 0.75859375 0.49921875 0.0890625 0.1484375
37 0.39296875 0.7203125 0.1078125 0.159375
31 0.5078125 0.71953125 0.08125 0.1609375
46 0.6015625 0.7171875 0.10625 0.159375