22 0.24375 0.3125 0.1234375 0.1796875
41 0.38359375 0.296875 0.1234375 0.1796875
57 0.50703125 0.28046875 0.128125 0.18125
55 0.6078125 0.26796875 0.103125 0.178125
37 0.69765625 0.25703125 0.11875 0.1796875
47 0.2359375 0.55 0.10625 0.1875
57 0.32734375 0.5296875 0.11875 0.171875
33 0.43203125 0.51640625 0.1265625 0.171875
31 0.53125 0.50078125 0.109375 0.165625
55 0.6078125 0.48828125 0.0875 0.1578125
55 0.67734375 0.4796875 0.0859375 0.1546875
33 0.75625 0.46796875 0.10625 0.1578125
37 0.4203125 0.73203125 0.1265625 0.171875
31 0.534375 0.7171875 0.1 0.1703125
46 0.62734375 0.703125 0.125 0.171875