22 0.31015625 0.2484375 0.1390625 0.1703125
41 0.4453125 0.26796875 0.1375 0.1671875
57 0.571875 0.29140625 0.1296875 0.1703125
55 0.6703125 0.30703125 0.1078125 0.1640625
37 0.7640625 0.32421875 0.13125 0.1703125
47 0.234375 0.4609375 0.121875 0.171875
57 0.328125 0.4765625 0.1234375 0.16875
33 0.4375 0.48984375 0.1265625 0.1515625
31 0.53515625 0.50703125 0.10625 0.1484375
55 0.60859375 0.52265625 0.090625 0.146875
55 0.6765625 0.5359375 0.090625 0.146875
33 0.75703125 0.54296875 0.1171875 0.1453125
37 0.3671875 0.69375 0.1359375 0.1703125
31 0.475 0.71328125 0.10625 0.159375
46 0.565625 0.72890625 0.128125 0.159375