22 0.2734375 0.28125 0.1171875 0.153125
41 0.409375 0.2796875 0.115625 0.1515625
57 0.53828125 0.2828125 0.10625 0.15625
55 0.63828125 0.2828125 0.084375 0.153125
37 0.73359375 0.28515625 0.10859375 0.1546875
47 0.23125 0.503125 0.0984375 0.15859375
57 0.3265625 0.50390625 0.1 0.1546875
33 0.43671875 0.5 0.10625 0.13671875
31 0.5359375 0.5015625 0.0859375 0.13671875
55 0.6109375 0.50546875 0.0703125 0.13828125
55 0.6796875 0.5078125 0.06953125 0.13828125
33 0.7609375 0.50234375 0.0984375 0.13203125
37 0.39921875 0.7125 0.11328125 0.1546875
31 0.50859375 0.71484375 0.08359375 0.14765625
46 0.60078125 0.715625 0.10625 0.14375