22 0.2390625 0.32421875 0.1421875 0.171875
41 0.37265625 0.2984375 0.140625 0.16875
57 0.5 0.2796875 0.13125 0.171875
55 0.5984375 0.26171875 0.109375 0.165625
37 0.69296875 0.24765625 0.134375 0.171875
47 0.2359375 0.55 0.125 0.1734375
57 0.3296875 0.53359375 0.125 0.1703125
33 0.4375 0.5109375 0.128125 0.153125
31 0.5359375 0.4953125 0.1078125 0.15
55 0.61015625 0.4859375 0.09375 0.1484375
55 0.678125 0.4765625 0.0921875 0.1484375
33 0.75703125 0.45703125 0.1203125 0.146875
37 0.4375 0.7265625 0.1390625 0.171875
31 0.54609375 0.71015625 0.1078125 0.159375
46 0.63671875 0.69453125 0.1296875 0.159375