31 0.14375 0.1625 0.0921875 0.15
47 0.23359375 0.16875 0.096875 0.1484375
35 0.321875 0.17578125 0.090625 0.1421875
37 0.39921875 0.1796875 0.0796875 0.1421875
33 0.478125 0.184375 0.084375 0.14375
51 0.5625 0.18828125 0.09375 0.146875
53 0.646875 0.1984375 0.0890625 0.1515625
49 0.72734375 0.2046875 0.0890625 0.153125
19 0.81171875 0.209375 0.09375 0.1546875
21 0.89921875 0.215625 0.096875 0.1546875
39 0.12734375 0.42265625 0.0921875 0.15
55 0.2140625 0.428125 0.0875 0.1515625
43 0.296875 0.4328125 0.0796875 0.1515625
45 0.38203125 0.4375 0.084375 0.15
41 0.4671875 0.44609375 0.084375 0.1546875
59 0.55 0.45078125 0.09375 0.15625
61 0.63359375 0.45625 0.084375 0.1609375
57 0.7171875 0.46328125 0.0953125 0.1625
27 0.80390625 0.46796875 0.090625 0.1546875
29 0.88828125 0.475 0.09375 0.1546875
40 0.28046875 0.6875 0.0953125 0.1578125
56 0.365625 0.69609375 0.084375 0.1453125
22 0.4453125 0.70234375 0.090625 0.146875
44 0.53046875 0.70703125 0.0890625 0.1515625
46 0.615625 0.71171875 0.0859375 0.1515625
42 0.6984375 0.71640625 0.0953125 0.1546875