31 0.090625 0.2296875 0.096875 0.153125
47 0.1796875 0.2203125 0.1015625 0.15
35 0.26875 0.21171875 0.0953125 0.1453125
37 0.3453125 0.20234375 0.084375 0.14375
33 0.4234375 0.19296875 0.0890625 0.146875
51 0.50703125 0.18203125 0.0984375 0.1484375
53 0.59296875 0.17734375 0.0953125 0.1546875
49 0.67265625 0.1703125 0.09375 0.15625
19 0.75625 0.159375 0.1 0.15625
21 0.84375 0.15078125 0.103125 0.15625
39 0.11953125 0.4890625 0.096875 0.153125
55 0.20546875 0.47890625 0.09375 0.1546875
43 0.28828125 0.46875 0.0859375 0.153125
45 0.3734375 0.459375 0.0890625 0.153125
41 0.4578125 0.45234375 0.0890625 0.15625
59 0.540625 0.44296875 0.0984375 0.159375
61 0.62421875 0.43359375 0.0890625 0.1625
57 0.7078125 0.4265625 0.1 0.1640625
27 0.79375 0.415625 0.0953125 0.1578125
29 0.878125 0.4078125 0.1 0.15625
40 0.31640625 0.72265625 0.1 0.159375
56 0.4015625 0.71640625 0.0890625 0.1484375
22 0.48125 0.70859375 0.0953125 0.15
44 0.565625 0.69921875 0.0953125 0.1546875
46 0.65078125 0.68828125 0.0921875 0.1546875
42 0.73359375 0.67890625 0.1015625 0.15625