31 0.12109375 0.18828125 0.0828125 0.1453125
47 0.2109375 0.18828125 0.0875 0.1421875
35 0.3 0.1890625 0.08125 0.1375
37 0.37734375 0.1875 0.0703125 0.1375
33 0.45625 0.18671875 0.075 0.1390625
51 0.540625 0.184375 0.084375 0.140625
53 0.62578125 0.1890625 0.0796875 0.146875
49 0.70625 0.18984375 0.078125 0.1484375
19 0.790625 0.18828125 0.084375 0.1484375
21 0.878125 0.18828125 0.0875 0.1484375
39 0.12265625 0.44921875 0.0828125 0.1453125
55 0.209375 0.4484375 0.078125 0.146875
43 0.29296875 0.446875 0.0703125 0.146875
45 0.378125 0.44609375 0.075 0.1453125
41 0.46328125 0.4484375 0.0734375 0.15
59 0.54609375 0.44765625 0.0828125 0.1515625
61 0.63046875 0.446875 0.0734375 0.15625
57 0.7140625 0.4484375 0.084375 0.15625
27 0.80078125 0.446875 0.0796875 0.15
29 0.8859375 0.44765625 0.084375 0.1484375
40 0.29375 0.70234375 0.084375 0.1515625
56 0.3796875 0.7046875 0.075 0.140625
22 0.459375 0.70546875 0.08125 0.1421875
44 0.54453125 0.7046875 0.0796875 0.146875
46 0.63046875 0.703125 0.0765625 0.146875
42 0.71328125 0.70234375 0.0859375 0.1484375