31 0.12265625 0.20625 0.0765625 0.15
47 0.2046875 0.20703125 0.08125 0.1515625
35 0.2890625 0.20625 0.08125 0.146875
37 0.3703125 0.20625 0.08125 0.15
33 0.45078125 0.20625 0.0765625 0.15
51 0.53125 0.20546875 0.08125 0.1515625
53 0.6203125 0.20703125 0.08125 0.1484375
49 0.70390625 0.20625 0.0796875 0.15
19 0.78671875 0.20546875 0.0828125 0.1515625
21 0.87578125 0.20859375 0.0828125 0.1546875
39 0.12578125 0.46484375 0.0765625 0.1484375
55 0.2078125 0.46171875 0.078125 0.1453125
43 0.29140625 0.46015625 0.0796875 0.1453125
45 0.37265625 0.46015625 0.0765625 0.1359375
41 0.45078125 0.4609375 0.0765625 0.15
59 0.53359375 0.46171875 0.0890625 0.1546875
61 0.61875 0.4609375 0.08125 0.15625
57 0.7015625 0.46171875 0.08125 0.1546875
27 0.78203125 0.46015625 0.0703125 0.1546875
29 0.86171875 0.4578125 0.0828125 0.15625
40 0.29375 0.71171875 0.090625 0.1578125
56 0.37734375 0.7109375 0.0765625 0.153125
22 0.453125 0.709375 0.06875 0.153125
44 0.53359375 0.7109375 0.0859375 0.15
46 0.6171875 0.70859375 0.08125 0.1546875
42 0.70234375 0.71171875 0.0890625 0.1546875