31 0.128125 0.2 0.0796875 0.1515625
47 0.21015625 0.2015625 0.084375 0.153125
35 0.29453125 0.20234375 0.084375 0.1484375
37 0.37578125 0.20390625 0.084375 0.1515625
33 0.45625 0.20546875 0.0796875 0.1515625
51 0.53671875 0.20625 0.084375 0.153125
53 0.62578125 0.209375 0.084375 0.15
49 0.709375 0.21015625 0.0828125 0.1515625
19 0.7921875 0.21015625 0.0859375 0.153125
21 0.88046875 0.21484375 0.0859375 0.15625
39 0.1265625 0.45859375 0.0796875 0.15
55 0.20859375 0.45625 0.08125 0.146875
43 0.2921875 0.45625 0.0828125 0.146875
45 0.3734375 0.4578125 0.0796875 0.1375
41 0.4515625 0.46015625 0.0796875 0.1515625
59 0.534375 0.4625 0.0921875 0.15625
61 0.61953125 0.46328125 0.084375 0.1578125
57 0.70234375 0.465625 0.084375 0.15625
27 0.7828125 0.46484375 0.0734375 0.15625
29 0.8625 0.4640625 0.0859375 0.1578125
40 0.28984375 0.7078125 0.09375 0.159375
56 0.3734375 0.70859375 0.0796875 0.1546875
22 0.44921875 0.70859375 0.071875 0.1546875
44 0.5296875 0.71171875 0.0890625 0.1515625
46 0.61328125 0.7109375 0.084375 0.15625
42 0.6984375 0.71484375 0.0921875 0.15625