31 0.0984375 0.240625 0.0890625 0.15625
47 0.18046875 0.23359375 0.09375 0.1578125
35 0.2640625 0.22578125 0.09375 0.153125
37 0.3453125 0.21875 0.09375 0.15625
33 0.425 0.21171875 0.0890625 0.15625
51 0.50546875 0.20390625 0.09375 0.1578125
53 0.59453125 0.19765625 0.09375 0.1546875
49 0.67734375 0.18984375 0.0921875 0.15625
19 0.76015625 0.18125 0.0953125 0.1578125
21 0.84921875 0.1765625 0.0953125 0.1609375
39 0.12421875 0.49765625 0.0890625 0.1546875
55 0.20546875 0.4875 0.090625 0.1515625
43 0.2890625 0.478125 0.0921875 0.1515625
45 0.36953125 0.47109375 0.0875 0.1421875
41 0.44765625 0.465625 0.0890625 0.15625
59 0.53046875 0.45859375 0.1015625 0.1625
61 0.61484375 0.45078125 0.0953125 0.1625
57 0.69765625 0.44453125 0.09375 0.1609375
27 0.77734375 0.4359375 0.0828125 0.1609375
29 0.85703125 0.4265625 0.096875 0.1625
40 0.31328125 0.72890625 0.1046875 0.165625
56 0.39609375 0.72109375 0.0890625 0.159375
22 0.471875 0.7125 0.08125 0.1578125
44 0.5515625 0.70703125 0.0984375 0.15625
46 0.63515625 0.69765625 0.09375 0.1609375
42 0.7203125 0.69296875 0.1015625 0.1625