43 0.89921875 0.3203125 0.071875 0.184375
55 0.8359375 0.328125 0.0796875 0.1921875
39 0.7671875 0.3375 0.0875 0.196875
21 0.69453125 0.3453125 0.084375 0.2
19 0.62578125 0.35390625 0.08125 0.203125
49 0.55390625 0.3625 0.084375 0.2
53 0.4875 0.37265625 0.08125 0.20625
51 0.41875 0.3828125 0.08125 0.209375
33 0.35078125 0.38984375 0.0828125 0.2125
37 0.28125 0.3984375 0.0828125 0.2125
35 0.21171875 0.40625 0.084375 0.209375
47 0.1421875 0.41484375 0.084375 0.2125
31 0.0734375 0.421875 0.0890625 0.2140625
45 0.1203125 0.79765625 0.0859375 0.1890625
41 0.190625 0.7875 0.0796875 0.1890625
59 0.25703125 0.78046875 0.0765625 0.1875
61 0.3234375 0.77265625 0.0796875 0.1921875
57 0.3921875 0.765625 0.0796875 0.1890625
27 0.46171875 0.75625 0.08125 0.190625
29 0.52890625 0.74765625 0.0890625 0.1890625
40 0.60078125 0.7390625 0.0765625 0.1890625
56 0.66953125 0.73125 0.08125 0.1859375
22 0.734375 0.7234375 0.0859375 0.1890625
44 0.8078125 0.71328125 0.078125 0.1875
46 0.87265625 0.70546875 0.078125 0.1875
42 0.9421875 0.696875 0.0828125 0.1890625