43 0.91796875 0.3703125 0.05 0.1796875
55 0.8546875 0.3703125 0.05703125 0.1859375
39 0.78515625 0.37109375 0.0640625 0.18984375
21 0.71171875 0.3703125 0.06171875 0.19375
19 0.64296875 0.3703125 0.0578125 0.196875
49 0.5703125 0.3703125 0.0609375 0.19453125
53 0.503125 0.371875 0.0578125 0.2
51 0.43359375 0.3734375 0.05703125 0.2046875
33 0.365625 0.37265625 0.0578125 0.20625
37 0.2953125 0.37265625 0.05859375 0.20625
35 0.225 0.371875 0.06015625 0.203125
47 0.15546875 0.371875 0.06015625 0.20625
31 0.0859375 0.3703125 0.0640625 0.20703125
45 0.08671875 0.74921875 0.0640625 0.1828125
41 0.1578125 0.74765625 0.0578125 0.1828125
59 0.225 0.7484375 0.0546875 0.18203125
61 0.29140625 0.74921875 0.05703125 0.1859375
57 0.3609375 0.75078125 0.05859375 0.1828125
27 0.43046875 0.75 0.05859375 0.184375
29 0.4984375 0.74921875 0.0671875 0.1828125
40 0.57109375 0.74921875 0.0546875 0.184375
56 0.63984375 0.75 0.06015625 0.18046875
22 0.70546875 0.75 0.06484375 0.1828125
44 0.7796875 0.74921875 0.05703125 0.18203125
46 0.84453125 0.74921875 0.05703125 0.18203125
42 0.91484375 0.74921875 0.0609375 0.1828125