43 0.92578125 0.4 0.0625 0.1828125
55 0.8625 0.3953125 0.0703125 0.1890625
39 0.79375 0.39140625 0.0765625 0.19375
21 0.7203125 0.38515625 0.075 0.196875
19 0.6515625 0.38046875 0.071875 0.2
49 0.57890625 0.37578125 0.075 0.1984375
53 0.51171875 0.37265625 0.071875 0.203125
51 0.44296875 0.36875 0.071875 0.2078125
33 0.375 0.36328125 0.071875 0.209375
37 0.3046875 0.35859375 0.0734375 0.209375
35 0.234375 0.353125 0.0734375 0.20625
47 0.165625 0.3484375 0.075 0.209375
31 0.09609375 0.34140625 0.078125 0.2109375
45 0.0703125 0.71953125 0.0765625 0.1875
41 0.14140625 0.7234375 0.0703125 0.1859375
59 0.20859375 0.72890625 0.0671875 0.1859375
61 0.27421875 0.734375 0.0703125 0.1890625
57 0.34375 0.740625 0.071875 0.1859375
27 0.41328125 0.74453125 0.071875 0.1875
29 0.48125 0.7484375 0.0796875 0.1875
40 0.55390625 0.75390625 0.0671875 0.1875
56 0.621875 0.759375 0.071875 0.184375
22 0.6875 0.7640625 0.078125 0.1875
44 0.76171875 0.76796875 0.0703125 0.1859375
46 0.8265625 0.77265625 0.0703125 0.1859375
42 0.89609375 0.77734375 0.0734375 0.1859375