31 0.0875 0.203125 0.08125 0.153125
47 0.21640625 0.18984375 0.08125 0.153125
35 0.353125 0.190625 0.084375 0.1484375
37 0.4859375 0.18515625 0.0890625 0.1578125
33 0.61640625 0.1765625 0.0875 0.1484375
51 0.74921875 0.16953125 0.0875 0.1671875
53 0.87734375 0.16015625 0.08125 0.146875
49 0.1046875 0.4390625 0.0890625 0.15625
19 0.23046875 0.434375 0.0890625 0.1609375
21 0.365625 0.421875 0.084375 0.1578125
39 0.496875 0.4203125 0.0828125 0.1578125
55 0.62734375 0.4125 0.0859375 0.15625
43 0.7625 0.40078125 0.08125 0.1453125
45 0.88984375 0.39609375 0.0890625 0.15
41 0.11328125 0.6625 0.0859375 0.15625
59 0.24140625 0.65625 0.0859375 0.1625
61 0.37890625 0.64921875 0.0890625 0.153125
57 0.509375 0.64609375 0.0875 0.1546875
27 0.6390625 0.63984375 0.0890625 0.1609375
29 0.775 0.6328125 0.0875 0.15
40 0.90390625 0.62109375 0.0890625 0.159375
56 0.2515625 0.8796875 0.0875 0.15
22 0.38984375 0.87734375 0.0875 0.1578125
44 0.521875 0.8734375 0.0875 0.1515625
46 0.64765625 0.865625 0.0921875 0.146875
42 0.7875 0.853125 0.09375 0.15