31 0.10390625 0.18203125 0.0734375 0.15
47 0.2328125 0.17578125 0.07421875 0.15
35 0.36953125 0.18359375 0.07734375 0.1453125
37 0.50234375 0.18515625 0.08125 0.15390625
33 0.6328125 0.1828125 0.08046875 0.14375
51 0.76640625 0.1828125 0.0796875 0.1625
53 0.89453125 0.18046875 0.0734375 0.14375
49 0.10859375 0.41875 0.08046875 0.15234375
19 0.234375 0.4203125 0.08125 0.15703125
21 0.36953125 0.41484375 0.0765625 0.15390625
39 0.50078125 0.4203125 0.07421875 0.15390625
55 0.63203125 0.41953125 0.07734375 0.15234375
43 0.7671875 0.41484375 0.0734375 0.1421875
45 0.89453125 0.41640625 0.08125 0.1453125
41 0.10546875 0.6421875 0.078125 0.15234375
59 0.23359375 0.6421875 0.07734375 0.15859375
61 0.37109375 0.64296875 0.08203125 0.1484375
57 0.5015625 0.64609375 0.08046875 0.15078125
27 0.63125 0.646875 0.08125 0.15703125
29 0.76796875 0.646875 0.08046875 0.1453125
40 0.896875 0.6421875 0.08046875 0.15546875
56 0.23203125 0.86640625 0.0796875 0.1453125
22 0.3703125 0.87109375 0.0796875 0.15390625
44 0.50234375 0.87421875 0.0796875 0.146875
46 0.628125 0.87265625 0.084375 0.1421875
42 0.76875 0.86796875 0.08671875 0.1453125