31 0.15234375 0.1296875 0.09375 0.159375
47 0.28046875 0.14140625 0.09375 0.159375
35 0.41484375 0.16875 0.096875 0.1546875
37 0.54609375 0.18828125 0.1015625 0.1640625
33 0.67578125 0.2046875 0.1 0.153125
51 0.8078125 0.22265625 0.1015625 0.171875
53 0.93515625 0.23828125 0.0921875 0.153125
49 0.1234375 0.36484375 0.1015625 0.1625
19 0.2484375 0.384375 0.1015625 0.1671875
21 0.3828125 0.39765625 0.096875 0.1625
39 0.51171875 0.42109375 0.0953125 0.1625
55 0.6421875 0.4390625 0.0984375 0.1609375
43 0.7765625 0.453125 0.0921875 0.1515625
45 0.90234375 0.471875 0.1 0.1546875
41 0.08984375 0.5859375 0.0984375 0.1625
59 0.21640625 0.60390625 0.0984375 0.1671875
61 0.35234375 0.6234375 0.1015625 0.1578125
57 0.48125 0.64453125 0.1 0.1609375
27 0.609375 0.6640625 0.1015625 0.1671875
29 0.74453125 0.6828125 0.1 0.1546875
40 0.8734375 0.69609375 0.1015625 0.165625
56 0.18359375 0.82578125 0.0984375 0.1546875
22 0.3203125 0.84921875 0.1 0.1640625
44 0.45 0.87109375 0.1 0.15625
46 0.575 0.88671875 0.103125 0.153125
42 0.71484375 0.9015625 0.10625 0.15625