31 0.1375 0.16015625 0.084375 0.171875
47 0.225 0.1578125 0.090625 0.1734375
35 0.3078125 0.16015625 0.078125 0.16875
37 0.38671875 0.16484375 0.078125 0.1640625
33 0.46328125 0.165625 0.071875 0.1625
51 0.5421875 0.16640625 0.0890625 0.1828125
53 0.6296875 0.16875 0.0796875 0.178125
49 0.71328125 0.17109375 0.084375 0.1859375
19 0.79453125 0.16875 0.084375 0.18125
21 0.88203125 0.1671875 0.0859375 0.1859375
39 0.13515625 0.425 0.0890625 0.1796875
55 0.2234375 0.4265625 0.0875 0.1796875
43 0.3 0.42734375 0.08125 0.18125
45 0.3828125 0.42578125 0.0875 0.1796875
41 0.46640625 0.4296875 0.0890625 0.175
59 0.54921875 0.4296875 0.0953125 0.18125
61 0.6296875 0.43046875 0.0875 0.1796875
57 0.71015625 0.43046875 0.0828125 0.1796875
27 0.79375 0.43046875 0.084375 0.1765625
29 0.8796875 0.43046875 0.096875 0.165625
40 0.29375 0.68828125 0.096875 0.1734375
56 0.38203125 0.6875 0.0890625 0.165625
22 0.4609375 0.6890625 0.084375 0.16875
44 0.540625 0.68828125 0.08125 0.1765625
46 0.61875 0.69375 0.084375 0.16875
42 0.70625 0.69765625 0.09375 0.1734375