31 0.13125 0.16640625 0.08125 0.1703125
47 0.21875 0.1625 0.0875 0.171875
35 0.3015625 0.16328125 0.075 0.1671875
37 0.38125 0.1671875 0.075 0.1625
33 0.4578125 0.16640625 0.06875 0.1609375
51 0.53671875 0.165625 0.0859375 0.18125
53 0.62421875 0.16640625 0.0765625 0.1765625
49 0.7078125 0.1671875 0.08125 0.184375
19 0.7890625 0.16328125 0.08125 0.1796875
21 0.87578125 0.1609375 0.0828125 0.184375
39 0.13359375 0.43125 0.0859375 0.178125
55 0.221875 0.43125 0.084375 0.178125
43 0.2984375 0.43046875 0.078125 0.1796875
45 0.38125 0.428125 0.084375 0.178125
41 0.46484375 0.43046875 0.0859375 0.1734375
59 0.54765625 0.42890625 0.0921875 0.1796875
61 0.628125 0.428125 0.084375 0.178125
57 0.70859375 0.4265625 0.0796875 0.178125
27 0.7921875 0.425 0.08125 0.175
29 0.878125 0.42421875 0.09375 0.1640625
40 0.296875 0.6921875 0.09375 0.171875
56 0.38515625 0.68984375 0.0859375 0.1640625
22 0.4640625 0.68984375 0.08125 0.1671875
44 0.54375 0.6875 0.078125 0.175
46 0.621875 0.69140625 0.08125 0.1671875
42 0.709375 0.69375 0.090625 0.171875