31 0.03359375 0.19375 0.05078125 0.11015625
47 0.090625 0.19375 0.04765625 0.1046875
35 0.15234375 0.19296875 0.05 0.10859375
37 0.2125 0.19296875 0.05078125 0.1171875
33 0.2734375 0.19609375 0.05 0.10859375
51 0.33515625 0.2015625 0.0578125 0.11171875
53 0.39375 0.19765625 0.04921875 0.11484375
49 0.45234375 0.19765625 0.05390625 0.1203125
18 0.521875 0.19375 0.04765625 0.1046875
15 0.57421875 0.19375 0.05 0.10703125
17 0.62578125 0.1921875 0.0484375 0.11015625
23 0.67578125 0.19609375 0.04453125 0.103125
7 0.725 0.1953125 0.04453125 0.10703125
24 0.78046875 0.1921875 0.05234375 0.1046875
25 0.828125 0.19140625 0.04765625 0.10703125
26 0.87734375 0.19296875 0.05234375 0.11484375
24 0.928125 0.18984375 0.0484375 0.11328125
10 0.978125 0.19296875 0.04375 0.10859375
19 0.03203125 0.36328125 0.05703125 0.1046875
21 0.08984375 0.3609375 0.05234375 0.103125
39 0.153125 0.36328125 0.04921875 0.0984375
55 0.2125 0.36328125 0.05 0.1046875
43 0.2734375 0.36328125 0.05546875 0.10703125
45 0.3328125 0.36484375 0.05078125 0.10625
41 0.3921875 0.3640625 0.05 0.10625
59 0.45390625 0.36484375 0.05 0.11484375
61 0.03359375 0.53046875 0.05234375 0.10703125
57 0.09296875 0.5296875 0.04921875 0.10859375
27 0.15390625 0.52890625 0.05625 0.10703125
29 0.2125 0.52734375 0.05546875 0.11328125
40 0.2734375 0.53046875 0.0546875 0.11328125
56 0.33203125 0.52734375 0.05703125 0.11328125
22 0.39453125 0.52890625 0.05546875 0.10703125
44 0.45546875 0.528125 0.05390625 0.10625
25 0.5265625 0.45078125 0.05234375 0.11484375
17 0.5765625 0.453125 0.04609375 0.1046875
9 0.62578125 0.4578125 0.04609375 0.11328125
13 0.6765625 0.4515625 0.05234375 0.1046875
48 0.725 0.45234375 0.04609375 0.10625
13 0.7765625 0.4515625 0.05078125 0.10703125
11 0.83125 0.453125 0.05234375 0.1015625
26 0.8796875 0.45078125 0.04453125 0.103125
14 0.92734375 0.44921875 0.04375 0.10859375
8 0.97578125 0.45078125 0.04765625 0.10859375
46 0.03203125 0.69765625 0.0484375 0.1046875
42 0.08984375 0.70078125 0.04765625 0.11328125
0 0.14921875 0.7 0.04765625 0.10625
14 0.2015625 0.69765625 0.0484375 0.1046875
60 0.2578125 0.69921875 0.05 0.10703125
62 0.30703125 0.703125 0.0453125 0.10859375
58 0.36171875 0.69765625 0.05078125 0.10625
28 0.4125 0.7 0.04921875 0.103125
30 0.4625 0.69921875 0.05078125 0.10703125
32 0.525 0.70234375 0.05234375 0.11015625
48 0.575 0.703125 0.0484375 0.1
36 0.62265625 0.703125 0.04765625 0.10859375
38 0.6734375 0.7015625 0.04609375 0.1
34 0.7265625 0.703125 0.0453125 0.11171875
52 0.778125 0.703125 0.04453125 0.10859375
54 0.82734375 0.70234375 0.04765625 0.10703125
50 0.87890625 0.70234375 0.04921875 0.1046875
20 0.93125 0.70546875 0.05390625 0.1046875
21 0.034375 0.88359375 0.0515625 0.10625
31 0.090625 0.8875 0.04375 0.10625
47 0.15078125 0.88515625 0.0421875 0.103125
35 0.21484375 0.8875 0.04765625 0.103125
37 0.2734375 0.8890625 0.05078125 0.10859375
33 0.33203125 0.88828125 0.05 0.1046875
51 0.3921875 0.890625 0.05390625 0.10859375
53 0.45234375 0.890625 0.04609375 0.11171875
49 0.51328125 0.8890625 0.05 0.103125
19 0.5734375 0.8875 0.05625 0.1