31 0.02109375 0.22734375 0.0421875 0.1140625
47 0.0703125 0.2234375 0.0546875 0.1078125
35 0.13203125 0.21796875 0.0578125 0.1125
37 0.19140625 0.2140625 0.059375 0.1203125
33 0.253125 0.2125 0.0578125 0.1125
51 0.31484375 0.2140625 0.065625 0.115625
53 0.37265625 0.20546875 0.0578125 0.11875
49 0.43125 0.2015625 0.0625 0.1234375
18 0.50078125 0.19296875 0.0546875 0.1078125
15 0.55234375 0.1890625 0.0578125 0.1109375
17 0.60390625 0.184375 0.05625 0.1125
23 0.65390625 0.184375 0.0515625 0.10625
7 0.703125 0.18046875 0.0515625 0.109375
24 0.75859375 0.1734375 0.059375 0.1078125
25 0.80546875 0.16953125 0.0546875 0.109375
26 0.8546875 0.1671875 0.0609375 0.11875
24 0.90546875 0.1609375 0.05625 0.115625
10 0.95546875 0.16015625 0.0515625 0.1109375
19 0.02734375 0.39609375 0.0546875 0.1078125
21 0.08125 0.38984375 0.059375 0.10625
39 0.14453125 0.3875 0.05625 0.1015625
55 0.20390625 0.38359375 0.0578125 0.1078125
43 0.2640625 0.3796875 0.0625 0.1109375
45 0.3234375 0.3765625 0.0578125 0.109375
41 0.3828125 0.371875 0.0578125 0.109375
59 0.44453125 0.36875 0.0578125 0.11875
61 0.03671875 0.56328125 0.059375 0.1109375
57 0.09609375 0.5578125 0.05625 0.1125
27 0.15703125 0.553125 0.0640625 0.1109375
29 0.21484375 0.54765625 0.0625 0.1171875
40 0.27578125 0.54609375 0.0625 0.1171875
56 0.334375 0.5390625 0.0640625 0.1171875
22 0.396875 0.5359375 0.0625 0.1109375
44 0.4578125 0.53125 0.0609375 0.109375
25 0.5234375 0.44921875 0.0609375 0.11875
17 0.5734375 0.44765625 0.053125 0.1078125
9 0.62265625 0.44921875 0.053125 0.115625
13 0.67265625 0.4390625 0.059375 0.1078125
48 0.72109375 0.43671875 0.053125 0.109375
13 0.77265625 0.43203125 0.0578125 0.1109375
11 0.82734375 0.43046875 0.059375 0.1046875
26 0.875 0.42421875 0.0515625 0.10625
14 0.92265625 0.41953125 0.0515625 0.1109375
8 0.97109375 0.41796875 0.0546875 0.1109375
46 0.046875 0.7296875 0.05625 0.1078125
42 0.1046875 0.72890625 0.0546875 0.115625
0 0.1640625 0.72421875 0.0546875 0.109375
14 0.21640625 0.71796875 0.05625 0.1078125
60 0.27265625 0.715625 0.0578125 0.1109375
62 0.321875 0.71640625 0.053125 0.1109375
58 0.37578125 0.70703125 0.0578125 0.109375
28 0.4265625 0.70546875 0.05625 0.10625
30 0.4765625 0.7015625 0.0578125 0.1109375
32 0.5390625 0.7 0.059375 0.1140625
48 0.5890625 0.69765625 0.0546875 0.103125
36 0.63671875 0.69375 0.0546875 0.1109375
38 0.68671875 0.6890625 0.053125 0.103125
34 0.73984375 0.68671875 0.053125 0.1140625
52 0.79140625 0.68359375 0.0515625 0.1109375
54 0.840625 0.67890625 0.0546875 0.109375
50 0.8921875 0.67578125 0.05625 0.1078125
20 0.94453125 0.675 0.0609375 0.1078125
21 0.0625 0.91484375 0.059375 0.109375
31 0.11875 0.91484375 0.0515625 0.109375
47 0.178125 0.90859375 0.05 0.10625
35 0.2421875 0.90625 0.0546875 0.10625
37 0.30078125 0.90390625 0.0578125 0.1125
33 0.359375 0.89921875 0.0578125 0.1078125
51 0.41953125 0.896875 0.0609375 0.1125
53 0.4796875 0.89296875 0.053125 0.1140625
49 0.540625 0.8875 0.0578125 0.10625
19 0.6 0.88125 0.0625 0.103125