31 0.0484375 0.16953125 0.053125 0.1046875
47 0.1078125 0.17421875 0.053125 0.109375
35 0.16796875 0.1765625 0.0546875 0.1078125
37 0.228125 0.18125 0.0546875 0.109375
33 0.2875 0.184375 0.059375 0.109375
51 0.34921875 0.18671875 0.0546875 0.109375
53 0.4078125 0.18828125 0.0578125 0.1078125
49 0.46875 0.19296875 0.0546875 0.109375
18 0.5359375 0.1953125 0.0546875 0.1125
15 0.5875 0.1984375 0.053125 0.1125
17 0.6390625 0.20078125 0.0515625 0.1078125
23 0.6921875 0.203125 0.053125 0.109375
7 0.74140625 0.20625 0.0515625 0.109375
24 0.79296875 0.20703125 0.05625 0.1078125
25 0.84296875 0.2109375 0.05 0.10625
26 0.8921875 0.2140625 0.0484375 0.10625
24 0.94375 0.21640625 0.0515625 0.1078125
10 0.98359375 0.21875 0.0328125 0.109375
19 0.0375 0.3375 0.05625 0.10625
21 0.09765625 0.34140625 0.05625 0.10625
39 0.16015625 0.34375 0.0515625 0.1078125
55 0.22109375 0.3484375 0.0578125 0.109375
43 0.278125 0.35078125 0.0515625 0.109375
45 0.340625 0.353125 0.053125 0.1109375
41 0.39921875 0.35546875 0.059375 0.109375
59 0.45859375 0.35859375 0.059375 0.1109375
25 0.52265625 0.45625 0.05 0.1046875
17 0.5734375 0.4578125 0.0484375 0.1015625
9 0.62734375 0.4609375 0.0546875 0.1078125
13 0.68203125 0.4625 0.0578125 0.1046875
48 0.72890625 0.465625 0.046875 0.1046875
13 0.778125 0.46875 0.05625 0.103125
11 0.82890625 0.4703125 0.0546875 0.1046875
26 0.87890625 0.47265625 0.053125 0.1078125
14 0.928125 0.47421875 0.05625 0.10625
8 0.97578125 0.47578125 0.0484375 0.1078125
61 0.03125 0.503125 0.0578125 0.1109375
57 0.0890625 0.50625 0.0578125 0.1109375
27 0.1484375 0.5078125 0.059375 0.1125
29 0.21171875 0.51328125 0.059375 0.1140625
40 0.26953125 0.5171875 0.0578125 0.1125
56 0.33125 0.51953125 0.0609375 0.1125
22 0.38984375 0.521875 0.05625 0.1109375
44 0.45 0.525 0.059375 0.1125
46 0.02734375 0.671875 0.0546875 0.109375
42 0.0796875 0.675 0.0578125 0.109375
0 0.13984375 0.68125 0.059375 0.1078125
14 0.19140625 0.68359375 0.053125 0.109375
60 0.24609375 0.6859375 0.0546875 0.1125
62 0.2984375 0.68828125 0.05 0.1109375
58 0.35078125 0.68984375 0.053125 0.1109375
28 0.4015625 0.6921875 0.05625 0.1140625
30 0.45625 0.69609375 0.0578125 0.1125
32 0.51171875 0.70078125 0.0546875 0.1109375
48 0.5625 0.703125 0.0546875 0.1109375
36 0.61171875 0.7078125 0.05625 0.1125
38 0.66171875 0.70859375 0.0484375 0.1109375
34 0.7140625 0.71171875 0.0546875 0.1109375
52 0.7640625 0.7140625 0.0515625 0.1109375
54 0.815625 0.7171875 0.05625 0.1109375
50 0.8671875 0.72109375 0.053125 0.1125
20 0.9171875 0.7234375 0.053125 0.1140625
21 0.0203125 0.86328125 0.040625 0.1078125
31 0.07265625 0.8671875 0.053125 0.1078125
47 0.1328125 0.87109375 0.0578125 0.109375
35 0.19296875 0.87109375 0.0578125 0.1125
37 0.25390625 0.8765625 0.0546875 0.1125
33 0.3125 0.87890625 0.059375 0.1125
51 0.3703125 0.88125 0.053125 0.1125
53 0.43125 0.8859375 0.0578125 0.1125
49 0.49140625 0.88828125 0.0578125 0.115625
19 0.5515625 0.890625 0.0640625 0.1125