31 0.015625 0.24375 0.03125 0.10625
47 0.06171875 0.23984375 0.0578125 0.1109375
35 0.121875 0.2328125 0.0609375 0.109375
37 0.18125 0.228125 0.059375 0.1109375
33 0.240625 0.221875 0.0640625 0.1109375
51 0.3015625 0.21484375 0.059375 0.1109375
53 0.36015625 0.20703125 0.0625 0.1109375
49 0.421875 0.2015625 0.059375 0.1109375
18 0.48828125 0.19296875 0.059375 0.1140625
15 0.53984375 0.1890625 0.059375 0.1140625
17 0.590625 0.1828125 0.05625 0.109375
23 0.64375 0.17734375 0.0578125 0.1109375
7 0.6921875 0.171875 0.05625 0.1109375
24 0.74375 0.16484375 0.0609375 0.109375
25 0.79375 0.1609375 0.05625 0.1078125
26 0.8421875 0.15625 0.0546875 0.109375
24 0.89375 0.15078125 0.05625 0.1109375
10 0.94296875 0.1453125 0.05625 0.1109375
19 0.02421875 0.41171875 0.0484375 0.1078125
21 0.07734375 0.40625 0.0609375 0.109375
39 0.13984375 0.3984375 0.0578125 0.109375
55 0.20078125 0.39375 0.0625 0.1125
43 0.25703125 0.3875 0.05625 0.1109375
45 0.31953125 0.3796875 0.059375 0.1125
41 0.37734375 0.3734375 0.0640625 0.1125
59 0.4375 0.36640625 0.0640625 0.1125
25 0.515625 0.45390625 0.05625 0.10625
17 0.565625 0.446875 0.053125 0.1046875
9 0.61953125 0.4421875 0.059375 0.109375
13 0.6734375 0.434375 0.0640625 0.10625
48 0.7203125 0.43046875 0.0515625 0.10625
13 0.76953125 0.425 0.0609375 0.1046875
11 0.81953125 0.41953125 0.059375 0.10625
26 0.8703125 0.4140625 0.0578125 0.109375
14 0.91953125 0.40703125 0.0609375 0.1078125
8 0.96875 0.40234375 0.0578125 0.109375
61 0.0375 0.57578125 0.0625 0.1125
57 0.0953125 0.57109375 0.0625 0.1140625
27 0.15390625 0.56328125 0.065625 0.1140625
29 0.2171875 0.5578125 0.0640625 0.1171875
40 0.275 0.55234375 0.0625 0.1140625
56 0.33671875 0.5453125 0.0671875 0.1140625
22 0.39453125 0.53828125 0.0609375 0.1125
44 0.4546875 0.53203125 0.0640625 0.1140625
46 0.05703125 0.7453125 0.065625 0.1109375
42 0.11171875 0.7390625 0.0625 0.1109375
0 0.17265625 0.73515625 0.0640625 0.109375
14 0.22421875 0.7296875 0.0578125 0.1109375
60 0.278125 0.7234375 0.0609375 0.1140625
62 0.33046875 0.7171875 0.05625 0.1140625
58 0.38203125 0.7109375 0.059375 0.1125
28 0.4328125 0.7046875 0.0625 0.115625
30 0.4875 0.70078125 0.0625 0.115625
32 0.54296875 0.696875 0.0609375 0.1125
48 0.59296875 0.690625 0.0609375 0.1125
36 0.64296875 0.6875 0.0625 0.115625
38 0.69296875 0.68046875 0.0546875 0.1125
34 0.74453125 0.675 0.059375 0.1125
52 0.79453125 0.6703125 0.0578125 0.1140625
54 0.8453125 0.66484375 0.0609375 0.1125
50 0.896875 0.6609375 0.0578125 0.1140625
20 0.946875 0.65546875 0.059375 0.115625
21 0.07578125 0.93515625 0.0625 0.1109375
31 0.13515625 0.9296875 0.0578125 0.109375
47 0.19609375 0.92421875 0.0625 0.1125
35 0.2546875 0.91484375 0.0625 0.1140625
37 0.31640625 0.91015625 0.0609375 0.1140625
33 0.37421875 0.90390625 0.065625 0.1140625
51 0.43203125 0.896875 0.059375 0.1140625
53 0.4921875 0.8921875 0.0640625 0.1140625
49 0.55234375 0.88515625 0.0625 0.1171875
19 0.61171875 0.878125 0.0703125 0.115625