31 0.07421875 0.1390625 0.0640625 0.115625
47 0.13125 0.14609375 0.059375 0.109375
35 0.1921875 0.153125 0.0625 0.1140625
37 0.25234375 0.16015625 0.0640625 0.121875
33 0.3125 0.17109375 0.0625 0.1140625
51 0.37265625 0.18359375 0.0703125 0.1171875
53 0.43125 0.18671875 0.0625 0.1203125
49 0.48984375 0.19375 0.06875 0.1265625
18 0.559375 0.1984375 0.059375 0.109375
15 0.6109375 0.2046875 0.0625 0.1125
17 0.6625 0.21015625 0.0609375 0.115625
23 0.71171875 0.21953125 0.05625 0.1078125
7 0.76015625 0.225 0.0578125 0.1109375
24 0.815625 0.22890625 0.0640625 0.1109375
25 0.86328125 0.23359375 0.0609375 0.1125
26 0.91171875 0.24140625 0.065625 0.1203125
24 0.9625 0.24453125 0.0625 0.11875
10 0.99140625 0.253125 0.0171875 0.1125
19 0.05234375 0.30703125 0.06875 0.1109375
21 0.11015625 0.31171875 0.0640625 0.109375
39 0.17265625 0.321875 0.0609375 0.103125
55 0.23125 0.32890625 0.0625 0.109375
43 0.29140625 0.33671875 0.06875 0.1125
45 0.35078125 0.3453125 0.0640625 0.1109375
41 0.409375 0.3515625 0.0625 0.1109375
59 0.47109375 0.36015625 0.0640625 0.1203125
61 0.03359375 0.4734375 0.065625 0.1125
57 0.0921875 0.4796875 0.0625 0.1140625
27 0.153125 0.48671875 0.06875 0.1125
29 0.2109375 0.4921875 0.06875 0.11875
40 0.27109375 0.50234375 0.06875 0.11875
56 0.3296875 0.50703125 0.0703125 0.11875
22 0.39140625 0.515625 0.06875 0.1125
44 0.45234375 0.52265625 0.0671875 0.1125
25 0.53203125 0.4546875 0.065625 0.1203125
17 0.58203125 0.4625 0.0578125 0.109375
9 0.6296875 0.4734375 0.059375 0.11875
13 0.68125 0.4734375 0.0640625 0.1109375
48 0.72890625 0.48046875 0.059375 0.1109375
13 0.78046875 0.4859375 0.0640625 0.1125
11 0.834375 0.49375 0.0640625 0.1078125
26 0.8828125 0.49765625 0.05625 0.1078125
14 0.93046875 0.5015625 0.05625 0.1125
8 0.9734375 0.50859375 0.053125 0.1140625
46 0.02109375 0.6390625 0.0421875 0.109375
42 0.06875 0.64921875 0.0609375 0.11875
0 0.12734375 0.65546875 0.0609375 0.1109375
14 0.1796875 0.66015625 0.0609375 0.109375
60 0.23515625 0.66796875 0.0625 0.1125
62 0.28359375 0.678125 0.0578125 0.1140625
58 0.33828125 0.6796875 0.0640625 0.1109375
28 0.3890625 0.6875 0.0609375 0.1078125
30 0.43828125 0.69296875 0.0640625 0.1125
32 0.5 0.70390625 0.065625 0.115625
48 0.55 0.7109375 0.0609375 0.1046875
36 0.596875 0.71640625 0.0609375 0.1140625
38 0.64765625 0.72109375 0.0578125 0.1046875
34 0.7 0.72890625 0.0578125 0.1171875
52 0.7515625 0.73515625 0.0578125 0.1125
54 0.8 0.740625 0.0609375 0.1125
50 0.8515625 0.746875 0.0609375 0.109375
20 0.903125 0.75625 0.065625 0.1109375
21 0.01171875 0.8234375 0.0234375 0.1125
31 0.04609375 0.834375 0.05625 0.1109375
47 0.10625 0.83984375 0.0546875 0.1078125
35 0.16953125 0.85 0.059375 0.1078125
37 0.22734375 0.85859375 0.0640625 0.1140625
33 0.2859375 0.86484375 0.0625 0.109375
51 0.3453125 0.87421875 0.0671875 0.1140625
53 0.40546875 0.88203125 0.059375 0.1171875
49 0.465625 0.8875 0.0625 0.1078125
19 0.52578125 0.89375 0.06875 0.10625