31 0.03203125 0.19375 0.0484375 0.10234375
47 0.09140625 0.1953125 0.04765625 0.10625
35 0.1515625 0.19453125 0.05 0.10546875
37 0.21171875 0.19609375 0.0484375 0.10625
33 0.27109375 0.19609375 0.05390625 0.10625
51 0.3328125 0.1953125 0.0484375 0.10703125
53 0.39140625 0.19375 0.05234375 0.10546875
49 0.453125 0.1953125 0.04921875 0.10703125
18 0.5203125 0.19375 0.0484375 0.109375
15 0.571875 0.19453125 0.04765625 0.109375
17 0.6234375 0.19375 0.04609375 0.10546875
23 0.6765625 0.19375 0.04765625 0.10703125
7 0.72578125 0.19375 0.0453125 0.10703125
24 0.77734375 0.1921875 0.05078125 0.1046875
25 0.82734375 0.19375 0.0453125 0.10390625
26 0.8765625 0.19375 0.04375 0.1046875
24 0.928125 0.19375 0.0453125 0.10625
10 0.97734375 0.19375 0.0453125 0.10703125
19 0.0296875 0.36171875 0.0515625 0.103125
21 0.08984375 0.3625 0.05078125 0.10390625
39 0.15234375 0.36171875 0.046875 0.10546875
55 0.21328125 0.36328125 0.0515625 0.10703125
43 0.2703125 0.3625 0.04609375 0.10703125
45 0.3328125 0.36171875 0.04765625 0.1078125
41 0.39140625 0.3609375 0.053125 0.10703125
59 0.4515625 0.3609375 0.053125 0.1078125
25 0.5203125 0.45546875 0.0453125 0.10234375
17 0.57109375 0.45390625 0.04296875 0.1
9 0.625 0.4546875 0.04921875 0.10546875
13 0.6796875 0.453125 0.053125 0.1015625
48 0.7265625 0.45390625 0.04140625 0.10234375
13 0.77578125 0.45390625 0.05078125 0.1
11 0.8265625 0.453125 0.04921875 0.1015625
26 0.87734375 0.453125 0.04765625 0.1046875
14 0.9265625 0.4515625 0.05078125 0.103125
8 0.9765625 0.4515625 0.046875 0.10546875
61 0.03203125 0.52734375 0.0515625 0.1078125
57 0.08984375 0.528125 0.0515625 0.10859375
27 0.14921875 0.5265625 0.05390625 0.109375
29 0.2125 0.528125 0.053125 0.11171875
40 0.27109375 0.52890625 0.0515625 0.109375
56 0.3328125 0.528125 0.05546875 0.109375
22 0.39140625 0.52734375 0.05 0.1078125
44 0.4515625 0.52734375 0.053125 0.109375
46 0.03359375 0.69765625 0.0546875 0.10625
42 0.0890625 0.696875 0.0515625 0.10625
0 0.15 0.7 0.05390625 0.1046875
14 0.2015625 0.69921875 0.04765625 0.10703125
60 0.25625 0.69921875 0.04921875 0.109375
62 0.30859375 0.6984375 0.04453125 0.109375
58 0.3609375 0.69765625 0.04765625 0.10859375
28 0.41171875 0.696875 0.05078125 0.1109375
30 0.46640625 0.6984375 0.0515625 0.11015625
32 0.521875 0.7 0.04921875 0.1078125
48 0.57265625 0.69921875 0.04921875 0.10859375
36 0.62265625 0.7015625 0.05078125 0.11015625
38 0.67265625 0.7 0.04296875 0.109375
34 0.725 0.7 0.0484375 0.10859375
52 0.775 0.7 0.04609375 0.109375
54 0.8265625 0.7 0.05 0.10859375
50 0.878125 0.7015625 0.046875 0.11015625
20 0.928125 0.7015625 0.04765625 0.11171875
21 0.0328125 0.88828125 0.0515625 0.10546875
31 0.0921875 0.8890625 0.04765625 0.10546875
47 0.153125 0.88984375 0.05234375 0.10703125
35 0.2125 0.88671875 0.0515625 0.109375
37 0.27421875 0.8890625 0.04921875 0.11015625
33 0.3328125 0.88828125 0.05390625 0.109375
51 0.390625 0.8875 0.04765625 0.109375
53 0.4515625 0.8890625 0.05234375 0.109375
49 0.51171875 0.88828125 0.0515625 0.1125
19 0.571875 0.8875 0.05859375 0.109375