22 0.47734375 0.25859375 0.0609375 0.1109375
41 0.54375 0.25546875 0.0609375 0.1140625
57 0.615625 0.2515625 0.05625 0.1125
55 0.6828125 0.2453125 0.065625 0.1125
37 0.75 0.2421875 0.0625 0.1125
47 0.41875 0.4765625 0.059375 0.1078125
57 0.48828125 0.47265625 0.0609375 0.1078125
31 0.55625 0.46875 0.0640625 0.1109375
19 0.62578125 0.4640625 0.059375 0.1078125
55 0.6921875 0.4625 0.059375 0.109375
55 0.76171875 0.45625 0.059375 0.1125
33 0.83203125 0.453125 0.0625 0.109375
37 0.56640625 0.69453125 0.0609375 0.1109375
31 0.634375 0.69140625 0.0640625 0.115625
46 0.70390625 0.68671875 0.0640625 0.1140625