22 0.48984375 0.2578125 0.0546875 0.10859375
41 0.55625 0.2578125 0.0546875 0.11171875
57 0.628125 0.2578125 0.05078125 0.109375
55 0.69609375 0.25546875 0.06015625 0.109375
37 0.76328125 0.25546875 0.05625 0.109375
47 0.4203125 0.47265625 0.0546875 0.10546875
57 0.48984375 0.471875 0.05625 0.1046875
31 0.5578125 0.471875 0.0578125 0.10859375
19 0.62734375 0.4703125 0.05390625 0.10546875
55 0.69375 0.47265625 0.053125 0.10703125
55 0.76328125 0.4703125 0.053125 0.109375
33 0.834375 0.4703125 0.05625 0.10703125
37 0.55625 0.69765625 0.0546875 0.10859375
31 0.62421875 0.6984375 0.0578125 0.1125
46 0.69375 0.696875 0.05859375 0.11171875