22 0.5109375 0.2578125 0.0640625 0.1125
41 0.57734375 0.26328125 0.0640625 0.115625
57 0.6484375 0.26953125 0.059375 0.1140625
55 0.71640625 0.2734375 0.06875 0.1140625
37 0.78359375 0.2796875 0.065625 0.1140625
47 0.42265625 0.465625 0.0640625 0.109375
57 0.4921875 0.47109375 0.065625 0.109375
31 0.56015625 0.47734375 0.0671875 0.1125
19 0.6296875 0.48125 0.0625 0.109375
55 0.6953125 0.48984375 0.0625 0.1109375
55 0.76484375 0.49375 0.0625 0.1140625
33 0.8359375 0.49921875 0.065625 0.1109375
37 0.5390625 0.7015625 0.0640625 0.1125
31 0.60625 0.70859375 0.0671875 0.1171875
46 0.67578125 0.71328125 0.06875 0.115625