31 0.10234375 0.346875 0.0734375 0.121875
47 0.1734375 0.35703125 0.0671875 0.1203125
35 0.24375 0.36328125 0.0671875 0.1203125
37 0.31171875 0.371875 0.0734375 0.121875
33 0.37734375 0.3796875 0.0640625 0.11875
51 0.446875 0.384375 0.0734375 0.121875
53 0.51953125 0.39140625 0.0671875 0.11875
49 0.58671875 0.4 0.06875 0.1125
19 0.653125 0.40625 0.0734375 0.115625
21 0.7234375 0.41171875 0.06875 0.1140625
39 0.7890625 0.41953125 0.075 0.1140625
55 0.8578125 0.425 0.071875 0.1109375
43 0.92578125 0.43203125 0.06875 0.1109375
45 0.08515625 0.575 0.0703125 0.1171875
41 0.1515625 0.58203125 0.06875 0.115625
59 0.22265625 0.58828125 0.071875 0.1140625
61 0.28984375 0.59609375 0.06875 0.1109375
57 0.359375 0.6046875 0.071875 0.1125
27 0.4296875 0.609375 0.075 0.1171875
29 0.49453125 0.61796875 0.06875 0.1109375
40 0.5640625 0.62421875 0.0734375 0.1125
56 0.6296875 0.6328125 0.071875 0.109375
22 0.69453125 0.6375 0.0765625 0.1078125
44 0.76640625 0.64765625 0.071875 0.109375
46 0.8328125 0.6546875 0.0703125 0.1125
42 0.90390625 0.66171875 0.0703125 0.1125
14 0.159375 0.809375 0.0703125 0.1140625
32 0.228125 0.815625 0.0671875 0.1109375
48 0.2953125 0.825 0.071875 0.1078125
36 0.36640625 0.83046875 0.0734375 0.1140625
38 0.43359375 0.8390625 0.065625 0.1078125
34 0.5015625 0.84609375 0.0703125 0.109375
52 0.56953125 0.85390625 0.0703125 0.1140625
54 0.6421875 0.86015625 0.071875 0.1078125
50 0.70546875 0.86640625 0.071875 0.1140625
20 0.7765625 0.87421875 0.0796875 0.1109375