31 0.0921875 0.375 0.065625 0.1171875
47 0.1640625 0.38046875 0.059375 0.1171875
35 0.234375 0.38125 0.059375 0.1171875
37 0.303125 0.38515625 0.065625 0.1171875
33 0.36953125 0.38828125 0.0578125 0.115625
51 0.4390625 0.38828125 0.065625 0.1171875
53 0.51171875 0.38984375 0.0609375 0.115625
49 0.5796875 0.39375 0.0609375 0.109375
19 0.64609375 0.3953125 0.065625 0.1109375
21 0.7171875 0.396875 0.0609375 0.1109375
39 0.7828125 0.4 0.0671875 0.109375
55 0.8515625 0.40078125 0.0640625 0.10625
43 0.9203125 0.403125 0.0609375 0.10625
45 0.09140625 0.60390625 0.0625 0.1125
41 0.1578125 0.60625 0.0609375 0.1125
59 0.2296875 0.60703125 0.0640625 0.109375
61 0.296875 0.61015625 0.0609375 0.1078125
57 0.3671875 0.6140625 0.0640625 0.1078125
27 0.4375 0.6140625 0.0671875 0.1125
29 0.503125 0.61796875 0.0609375 0.10625
40 0.57265625 0.61953125 0.065625 0.1078125
56 0.6390625 0.6234375 0.0640625 0.1046875
22 0.70390625 0.6234375 0.06875 0.103125
44 0.77578125 0.628125 0.0640625 0.1046875
46 0.8421875 0.63046875 0.0625 0.1078125
42 0.9140625 0.63359375 0.0625 0.1078125
14 0.18203125 0.83203125 0.0625 0.109375
32 0.25078125 0.83359375 0.059375 0.1078125
48 0.31875 0.83828125 0.0640625 0.103125
36 0.38984375 0.8390625 0.065625 0.109375
38 0.4578125 0.8421875 0.0578125 0.1046875
34 0.52578125 0.84453125 0.0625 0.1046875
52 0.59453125 0.84765625 0.0625 0.109375
54 0.6671875 0.84921875 0.0640625 0.103125
50 0.73046875 0.8515625 0.0640625 0.109375
20 0.8015625 0.85390625 0.071875 0.10625