31 0.08828125 0.3890625 0.0609375 0.115625
47 0.16015625 0.3921875 0.0546875 0.115625
35 0.23046875 0.390625 0.0546875 0.115625
37 0.29921875 0.3921875 0.0609375 0.115625
33 0.365625 0.39296875 0.053125 0.1140625
51 0.43515625 0.390625 0.0609375 0.115625
53 0.5078125 0.38984375 0.05625 0.1140625
49 0.57578125 0.39140625 0.0578125 0.1078125
19 0.6421875 0.390625 0.0625 0.109375
21 0.71328125 0.3890625 0.0578125 0.109375
39 0.77890625 0.38984375 0.0640625 0.1078125
55 0.84765625 0.38828125 0.0609375 0.1046875
43 0.91640625 0.38828125 0.0578125 0.1046875
45 0.0953125 0.61796875 0.059375 0.1109375
41 0.16171875 0.61796875 0.0578125 0.1109375
59 0.23359375 0.61640625 0.0609375 0.1078125
61 0.30078125 0.6171875 0.0578125 0.10625
57 0.37109375 0.61875 0.0609375 0.10625
27 0.44140625 0.61640625 0.0640625 0.1109375
29 0.50703125 0.61796875 0.0578125 0.1046875
40 0.5765625 0.6171875 0.0625 0.10625
56 0.64296875 0.61875 0.0609375 0.103125
22 0.7078125 0.61640625 0.065625 0.1015625
44 0.78046875 0.61875 0.0609375 0.103125
46 0.846875 0.61875 0.059375 0.10625
42 0.91875 0.61875 0.059375 0.10625
14 0.19375 0.84296875 0.059375 0.1078125
32 0.2625 0.8421875 0.05625 0.10625
48 0.33046875 0.84453125 0.0609375 0.1015625
36 0.4015625 0.84296875 0.0625 0.1078125
38 0.46953125 0.84375 0.0546875 0.103125
34 0.5375 0.84375 0.059375 0.103125
52 0.60625 0.84453125 0.059375 0.1078125
54 0.67890625 0.84296875 0.0609375 0.1015625
50 0.74296875 0.84296875 0.0609375 0.1078125
20 0.8140625 0.84296875 0.06875 0.1046875