3 0.13203125 0.15546875 0.05546875 0.2703125
35 0.19296875 0.165625 0.04453125 0.25
19 0.25390625 0.1671875 0.046875 0.2640625
1 0.31484375 0.16328125 0.05 0.2671875
33 0.37578125 0.16875 0.046875 0.2671875
5 0.4390625 0.1671875 0.04609375 0.2640625
0 0.50078125 0.165625 0.04921875 0.2671875
4 0.5609375 0.16015625 0.05 0.25546875
2 0.62265625 0.1703125 0.05 0.25234375
51 0.68203125 0.16015625 0.04609375 0.2671875
49 0.74609375 0.165625 0.04765625 0.2734375
37 0.80703125 0.16015625 0.04609375 0.25546875
21 0.86640625 0.1671875 0.04921875 0.25859375
0 0.94609375 0.16328125 0.0546875 0.26171875
31 0.1296875 0.65234375 0.0453125 0.25859375
17 0.19375 0.65390625 0.04609375 0.2734375
9 0.2546875 0.65625 0.046875 0.25546875
15 0.315625 0.64921875 0.04921875 0.2703125
16 0.3765625 0.65234375 0.05 0.2640625
47 0.4390625 0.65390625 0.04765625 0.27890625
7 0.5 0.65234375 0.05234375 0.2703125
26 0.56015625 0.65546875 0.0453125 0.2640625
39 0.621875 0.6578125 0.04609375 0.2703125
23 0.6828125 0.64765625 0.04765625 0.26171875
25 0.74375 0.6578125 0.046875 0.2640625
24 0.8078125 0.659375 0.05 0.2671875
18 0.86640625 0.65546875 0.05 0.25859375
10 0.94609375 0.65625 0.0453125 0.25546875