3 0.103125 0.1890625 0.078125 0.2734375
35 0.16484375 0.19375 0.065625 0.253125
19 0.22578125 0.18984375 0.0703125 0.2671875
1 0.2859375 0.18046875 0.0734375 0.2703125
33 0.34765625 0.18046875 0.0703125 0.2703125
5 0.41015625 0.1734375 0.06875 0.2671875
0 0.471875 0.1671875 0.071875 0.2703125
4 0.53125 0.15625 0.071875 0.259375
2 0.59375 0.1609375 0.071875 0.25625
51 0.6515625 0.1453125 0.06875 0.2703125
49 0.715625 0.1453125 0.071875 0.2765625
37 0.7765625 0.134375 0.06875 0.2578125
21 0.8359375 0.13671875 0.071875 0.2625
0 0.91484375 0.12890625 0.0765625 0.2578125
31 0.14453125 0.684375 0.0671875 0.2609375
17 0.20859375 0.6796875 0.0703125 0.2765625
9 0.26953125 0.67734375 0.06875 0.2578125
15 0.3296875 0.66484375 0.071875 0.2734375
16 0.390625 0.6625 0.0734375 0.2671875
47 0.45234375 0.65859375 0.071875 0.28125
7 0.51328125 0.6515625 0.075 0.2734375
26 0.5734375 0.65 0.06875 0.2671875
39 0.63515625 0.646875 0.06875 0.2734375
23 0.6953125 0.63125 0.0703125 0.265625
25 0.75625 0.6359375 0.0703125 0.2671875
24 0.8203125 0.63203125 0.0734375 0.2703125
18 0.87890625 0.62265625 0.071875 0.2625
10 0.9578125 0.61640625 0.0671875 0.2578125