3 0.0828125 0.2171875 0.096875 0.275
35 0.14453125 0.21796875 0.0828125 0.253125
19 0.2046875 0.21015625 0.0875 0.26875
1 0.2640625 0.19609375 0.090625 0.271875
33 0.32578125 0.1921875 0.0875 0.271875
5 0.3875 0.18046875 0.0875 0.26875
0 0.4484375 0.16953125 0.090625 0.271875
4 0.50703125 0.1546875 0.0890625 0.259375
2 0.56953125 0.15546875 0.0890625 0.2578125
51 0.6265625 0.1359375 0.0875 0.271875
49 0.690625 0.13515625 0.090625 0.2703125
37 0.74921875 0.12265625 0.0859375 0.2453125
21 0.81015625 0.12265625 0.0890625 0.2453125
0 0.88828125 0.115625 0.0953125 0.23125
31 0.1578125 0.70859375 0.0859375 0.2625
17 0.221875 0.7 0.0890625 0.2765625
9 0.28203125 0.69296875 0.0859375 0.259375
15 0.34140625 0.6765625 0.090625 0.275
16 0.4015625 0.66953125 0.090625 0.26875
47 0.4640625 0.66171875 0.090625 0.2828125
7 0.52421875 0.65078125 0.09375 0.275
26 0.58359375 0.64453125 0.0859375 0.2671875
39 0.6453125 0.63671875 0.0875 0.2734375
23 0.70390625 0.6171875 0.0875 0.265625
25 0.765625 0.61796875 0.0875 0.26875
24 0.82890625 0.609375 0.090625 0.271875
18 0.8859375 0.59609375 0.0890625 0.2625
10 0.9609375 0.584375 0.078125 0.259375