48 0.08125 0.16875 0.06171875 0.2515625
13 0.14375 0.16875 0.0609375 0.2515625
27 0.2078125 0.16796875 0.06328125 0.24921875
34 0.26875 0.16796875 0.05859375 0.24609375
40 0.33125 0.1703125 0.0625 0.24375
12 0.39609375 0.1671875 0.0578125 0.240625
43 0.4609375 0.16796875 0.0625 0.2421875
36 0.52265625 0.16796875 0.059375 0.2421875
20 0.58515625 0.165625 0.0609375 0.2328125
41 0.646875 0.1671875 0.0609375 0.23515625
57 0.07890625 0.64921875 0.05546875 0.23828125
45 0.1421875 0.65078125 0.06015625 0.23671875
46 0.2078125 0.65 0.05859375 0.2359375
56 0.26796875 0.65078125 0.0578125 0.2359375
59 0.334375 0.6515625 0.0625 0.2359375
22 0.396875 0.65078125 0.05703125 0.2359375
11 0.4578125 0.65078125 0.0609375 0.2375
43 0.52265625 0.65078125 0.06171875 0.234375
57 0.58671875 0.65078125 0.06015625 0.23515625
13 0.6484375 0.65078125 0.06015625 0.2375
57 0.71171875 0.65078125 0.05546875 0.23671875
56 0.77421875 0.6515625 0.0578125 0.234375
57 0.83828125 0.6515625 0.0640625 0.23671875
59 0.9015625 0.65078125 0.0609375 0.23828125
57 0.96328125 0.6515625 0.06015625 0.23828125