48 0.10546875 0.140625 0.0796875 0.2546875
13 0.16796875 0.14453125 0.078125 0.2546875
27 0.23203125 0.1484375 0.08125 0.253125
34 0.2921875 0.15234375 0.075 0.25
40 0.3546875 0.159375 0.0796875 0.246875
12 0.41953125 0.1609375 0.075 0.24375
43 0.484375 0.16640625 0.0796875 0.2453125
36 0.54609375 0.1703125 0.0765625 0.2453125
20 0.60859375 0.17265625 0.0765625 0.2359375
41 0.66953125 0.178125 0.0765625 0.2390625
57 0.06953125 0.61953125 0.071875 0.2421875
45 0.1328125 0.62578125 0.0765625 0.240625
46 0.1984375 0.62890625 0.075 0.2390625
56 0.2578125 0.634375 0.0734375 0.2390625
59 0.32421875 0.63984375 0.078125 0.2390625
22 0.38671875 0.64296875 0.0734375 0.2390625
11 0.44765625 0.64765625 0.078125 0.240625
43 0.51171875 0.65234375 0.078125 0.2375
57 0.57578125 0.65625 0.0765625 0.2390625
13 0.6375 0.6609375 0.0765625 0.240625
57 0.70078125 0.66484375 0.071875 0.240625
56 0.76328125 0.6703125 0.0734375 0.2375
57 0.8265625 0.675 0.0796875 0.240625
59 0.88984375 0.678125 0.078125 0.2421875
57 0.9515625 0.68359375 0.0765625 0.2421875