48 0.1421875 0.11796875 0.090625 0.2359375
13 0.20625 0.11796875 0.09375 0.2359375
27 0.26796875 0.12109375 0.0921875 0.2421875
34 0.33125 0.1328125 0.09375 0.259375
40 0.39296875 0.14609375 0.0921875 0.2640625
12 0.45625 0.15546875 0.084375 0.2453125
43 0.515625 0.1640625 0.090625 0.2609375
36 0.58046875 0.17890625 0.0921875 0.25625
20 0.6421875 0.184375 0.0921875 0.275
41 0.70390625 0.2 0.0890625 0.25
57 0.05859375 0.5765625 0.096875 0.2640625
45 0.1203125 0.5875 0.090625 0.2640625
46 0.1828125 0.60234375 0.0953125 0.259375
56 0.24765625 0.60703125 0.090625 0.253125
59 0.309375 0.62109375 0.0875 0.2578125
22 0.36953125 0.6375 0.0890625 0.26875
11 0.43203125 0.64609375 0.0921875 0.2640625
43 0.4953125 0.65234375 0.0890625 0.25
57 0.559375 0.66171875 0.0875 0.2578125
13 0.62109375 0.67421875 0.0875 0.24375
57 0.68046875 0.68671875 0.090625 0.2640625
56 0.74140625 0.6984375 0.090625 0.2609375
57 0.80625 0.70390625 0.090625 0.2609375
59 0.86875 0.71640625 0.0984375 0.2703125
57 0.93046875 0.73046875 0.096875 0.2703125