48 0.13125 0.12109375 0.096875 0.2421875
13 0.19296875 0.12578125 0.0953125 0.2515625
27 0.25703125 0.13046875 0.096875 0.25625
34 0.3171875 0.1390625 0.0921875 0.2515625
40 0.37890625 0.15 0.0953125 0.25
12 0.44375 0.15625 0.090625 0.246875
43 0.5078125 0.165625 0.0953125 0.2484375
36 0.56875 0.17421875 0.0921875 0.2484375
20 0.63125 0.18046875 0.0921875 0.2390625
41 0.69140625 0.190625 0.09375 0.240625
57 0.0625 0.5890625 0.0875 0.24375
45 0.125 0.59921875 0.0921875 0.2421875
46 0.18984375 0.6078125 0.090625 0.2421875
56 0.24921875 0.6171875 0.090625 0.2421875
59 0.31484375 0.62734375 0.0953125 0.2421875
22 0.3765625 0.63515625 0.0890625 0.2421875
11 0.4375 0.64375 0.09375 0.24375
43 0.5015625 0.65234375 0.09375 0.240625
57 0.56484375 0.66171875 0.0921875 0.240625
13 0.62578125 0.6703125 0.0921875 0.24375
57 0.6890625 0.67890625 0.0875 0.2421875
56 0.75078125 0.68828125 0.090625 0.240625
57 0.8140625 0.696875 0.096875 0.24375
59 0.8765625 0.70546875 0.09375 0.24375
57 0.9375 0.71484375 0.0921875 0.24375