48 0.07890625 0.1703125 0.04375 0.265625
13 0.14296875 0.16171875 0.05 0.259375
27 0.20546875 0.16015625 0.05 0.25
34 0.2703125 0.16796875 0.05 0.253125
40 0.3328125 0.1703125 0.046875 0.259375
12 0.396875 0.16796875 0.0421875 0.2421875
43 0.45703125 0.16640625 0.046875 0.25625
36 0.5234375 0.16953125 0.05 0.25
20 0.58515625 0.16484375 0.0453125 0.271875
41 0.6484375 0.16953125 0.046875 0.2453125
57 0.07890625 0.65234375 0.053125 0.259375
45 0.14140625 0.65234375 0.046875 0.259375
46 0.20546875 0.65546875 0.053125 0.253125
56 0.2703125 0.64921875 0.046875 0.2484375
59 0.33359375 0.65234375 0.04375 0.253125
22 0.3953125 0.6578125 0.04375 0.265625
11 0.45859375 0.65546875 0.0484375 0.259375
43 0.521875 0.65078125 0.046875 0.2453125
57 0.58671875 0.64921875 0.04375 0.253125
13 0.64921875 0.65078125 0.046875 0.2390625
57 0.71015625 0.65234375 0.046875 0.259375
56 0.771875 0.65390625 0.046875 0.25625
57 0.83671875 0.64765625 0.046875 0.25625
59 0.90078125 0.64921875 0.053125 0.265625
57 0.9640625 0.65234375 0.05 0.265625