52 0.0609375 0.27578125 0.0671875 0.1484375
35 0.12421875 0.26953125 0.0625 0.146875
19 0.18984375 0.26484375 0.0671875 0.1484375
33 0.25546875 0.2578125 0.0640625 0.1484375
5 0.321875 0.25078125 0.0703125 0.146875
55 0.38359375 0.24375 0.0671875 0.1484375
4 0.45625 0.2359375 0.0703125 0.1453125
51 0.521875 0.22890625 0.0671875 0.1484375
49 0.5890625 0.22265625 0.0703125 0.146875
37 0.6578125 0.2140625 0.0671875 0.1484375
21 0.72421875 0.20859375 0.06875 0.153125
6 0.79375 0.19921875 0.0671875 0.1484375
27 0.8578125 0.19375 0.06875 0.1484375
11 0.93359375 0.18359375 0.06875 0.1484375
38 0.08828125 0.55703125 0.0625 0.1484375
30 0.15390625 0.55078125 0.06875 0.15
29 0.21796875 0.54375 0.06875 0.1484375
32 0.28203125 0.5359375 0.0671875 0.1484375
50 0.35078125 0.5296875 0.0609375 0.1453125
54 0.41328125 0.521875 0.065625 0.1453125
44 0.48203125 0.51640625 0.071875 0.1484375
58 0.55078125 0.50859375 0.0671875 0.1484375
62 0.6171875 0.5015625 0.0671875 0.1484375
53 0.6859375 0.49296875 0.0671875 0.1453125
60 0.75234375 0.4875 0.06875 0.1453125
42 0.8234375 0.48046875 0.071875 0.146875
28 0.8890625 0.47265625 0.0703125 0.146875
61 0.96328125 0.46640625 0.065625 0.146875
31 0.12109375 0.840625 0.0703125 0.1484375
27 0.18359375 0.83359375 0.06875 0.146875
31 0.24921875 0.82734375 0.0671875 0.146875
35 0.3140625 0.8203125 0.0609375 0.146875
31 0.384375 0.8125 0.075 0.15
17 0.44609375 0.80703125 0.0671875 0.146875
31 0.5140625 0.79921875 0.075 0.1515625
16 0.57578125 0.79140625 0.0671875 0.1484375
31 0.65 0.784375 0.065625 0.146875
45 0.71484375 0.77734375 0.06875 0.1484375
31 0.7828125 0.7703125 0.0671875 0.146875
40 0.84921875 0.7625 0.0703125 0.146875
31 0.92578125 0.75546875 0.0671875 0.1484375
34 0.97890625 0.74765625 0.0421875 0.1484375