52 0.08671875 0.23125 0.053125 0.14296875
35 0.15078125 0.23125 0.0484375 0.1421875
19 0.21640625 0.23359375 0.053125 0.14296875
33 0.28203125 0.23359375 0.05 0.14375
5 0.34921875 0.23359375 0.05625 0.14140625
55 0.4109375 0.2328125 0.053125 0.14296875
4 0.484375 0.2328125 0.05546875 0.13984375
51 0.55 0.2328125 0.053125 0.14296875
49 0.6171875 0.23359375 0.05546875 0.1421875
37 0.68671875 0.23203125 0.05234375 0.14296875
21 0.753125 0.23359375 0.053125 0.14765625
6 0.8234375 0.23125 0.053125 0.14296875
27 0.8875 0.2328125 0.05390625 0.14375
11 0.9640625 0.23046875 0.05390625 0.14296875
38 0.084375 0.51328125 0.0484375 0.14375
30 0.15078125 0.5140625 0.05390625 0.14453125
29 0.21484375 0.5140625 0.0546875 0.14296875
32 0.2796875 0.51328125 0.053125 0.14296875
50 0.3484375 0.5140625 0.04609375 0.14140625
54 0.41171875 0.5125 0.05078125 0.140625
44 0.48046875 0.5140625 0.05703125 0.14375
58 0.54921875 0.5140625 0.053125 0.14296875
62 0.61640625 0.5140625 0.05234375 0.14296875
53 0.6859375 0.5125 0.053125 0.13984375
60 0.75234375 0.5140625 0.05390625 0.140625
42 0.8234375 0.5140625 0.0578125 0.1421875
28 0.88984375 0.51328125 0.05546875 0.14140625
61 0.9640625 0.51484375 0.05078125 0.14296875
31 0.0875 0.79921875 0.05546875 0.14375
27 0.15078125 0.7984375 0.05390625 0.1421875
31 0.21640625 0.79921875 0.05234375 0.1421875
35 0.28125 0.79921875 0.046875 0.14296875
31 0.35234375 0.7984375 0.06015625 0.14375
17 0.4140625 0.8 0.053125 0.14140625
31 0.4828125 0.79921875 0.06015625 0.1453125
16 0.54453125 0.79765625 0.053125 0.14296875
31 0.61953125 0.7984375 0.05078125 0.1421875
45 0.684375 0.7984375 0.0546875 0.14296875
31 0.753125 0.7984375 0.053125 0.1421875
40 0.81953125 0.79765625 0.05546875 0.14140625
31 0.896875 0.7984375 0.05234375 0.14453125
34 0.9609375 0.79765625 0.04921875 0.14375