52 0.13984375 0.16328125 0.0765625 0.15
35 0.203125 0.175 0.071875 0.1484375
19 0.2671875 0.18828125 0.0765625 0.15
33 0.33125 0.2 0.0734375 0.15
5 0.39765625 0.21171875 0.0796875 0.1484375
55 0.45859375 0.22109375 0.0765625 0.15
4 0.53125 0.234375 0.0796875 0.146875
51 0.5953125 0.2453125 0.0765625 0.15
49 0.66171875 0.2578125 0.0796875 0.15
37 0.73046875 0.26875 0.0765625 0.15
21 0.7953125 0.28125 0.078125 0.1546875
6 0.86484375 0.29140625 0.0765625 0.15
27 0.928125 0.30390625 0.078125 0.1515625
11 0.98203125 0.3140625 0.0359375 0.15
38 0.08828125 0.440625 0.0734375 0.15
30 0.15390625 0.453125 0.078125 0.1515625
29 0.21640625 0.4640625 0.078125 0.15
32 0.28046875 0.475 0.0765625 0.15
50 0.3484375 0.4875 0.0703125 0.146875
54 0.4109375 0.496875 0.075 0.146875
44 0.478125 0.51015625 0.08125 0.1515625
58 0.54609375 0.52265625 0.0765625 0.15
62 0.6125 0.534375 0.0765625 0.15
53 0.68125 0.54453125 0.0765625 0.146875
60 0.74609375 0.5578125 0.078125 0.1484375
42 0.81640625 0.5703125 0.08125 0.15
28 0.88125 0.58046875 0.0796875 0.1484375
61 0.9546875 0.5953125 0.075 0.15
31 0.0421875 0.72265625 0.0796875 0.1515625
27 0.10390625 0.73359375 0.078125 0.15
31 0.16875 0.7453125 0.0765625 0.1484375
35 0.2328125 0.75703125 0.0703125 0.1484375
31 0.303125 0.76796875 0.084375 0.1515625
17 0.36328125 0.78046875 0.0765625 0.1484375
31 0.43125 0.79140625 0.084375 0.153125
16 0.4921875 0.80078125 0.0765625 0.15
31 0.565625 0.81484375 0.075 0.1484375
45 0.6296875 0.82578125 0.078125 0.15
31 0.69765625 0.8375 0.0765625 0.15
40 0.76328125 0.8484375 0.0796875 0.1484375
31 0.8390625 0.8625 0.0765625 0.1515625
34 0.90234375 0.8734375 0.0734375 0.15