24 0.06171875 0.1625 0.0546875 0.246875
10 0.12734375 0.1640625 0.0578125 0.246875
0 0.19296875 0.1640625 0.0609375 0.246875
24 0.25703125 0.1640625 0.0640625 0.25
10 0.32109375 0.16484375 0.0640625 0.2484375
7 0.38671875 0.16328125 0.059375 0.246875
8 0.44921875 0.1640625 0.0609375 0.246875
8 0.51171875 0.16328125 0.059375 0.246875
0 0.57734375 0.1640625 0.0640625 0.24375
0 0.6453125 0.16484375 0.065625 0.246875
0 0.7125 0.1640625 0.0609375 0.24375
8 0.778125 0.16640625 0.0609375 0.24375
8 0.83984375 0.1671875 0.059375 0.246875
25 0.903125 0.1671875 0.0640625 0.25
18 0.06171875 0.65859375 0.0640625 0.25
1 0.1265625 0.66015625 0.059375 0.25
24 0.19140625 0.659375 0.0625 0.2484375
1 0.25703125 0.65859375 0.0625 0.2484375
15 0.321875 0.65703125 0.059375 0.2453125
2 0.38203125 0.6578125 0.05625 0.246875
23 0.45078125 0.65859375 0.05625 0.24375
8 0.515625 0.6609375 0.059375 0.240625
0 0.5765625 0.6578125 0.05625 0.240625
8 0.64296875 0.6609375 0.0640625 0.240625
8 0.775 0.65703125 0.059375 0.2390625
7 0.8375 0.65625 0.0609375 0.2421875
9 0.903125 0.6578125 0.0625 0.24375
9 0.965625 0.65703125 0.0625 0.2421875