24 0.0796875 0.13984375 0.0671875 0.2484375
10 0.1453125 0.1453125 0.0703125 0.25
0 0.2109375 0.1484375 0.0734375 0.25
24 0.275 0.1515625 0.0765625 0.253125
10 0.3390625 0.15625 0.0765625 0.2515625
7 0.4046875 0.1578125 0.071875 0.25
8 0.4671875 0.16171875 0.0734375 0.25
8 0.5296875 0.1640625 0.0734375 0.2484375
0 0.59453125 0.16875 0.0765625 0.2453125
0 0.6625 0.17265625 0.078125 0.25
0 0.7296875 0.17578125 0.0734375 0.246875
8 0.7953125 0.18125 0.0734375 0.2453125
8 0.85703125 0.18515625 0.0734375 0.2484375
25 0.9203125 0.1890625 0.0765625 0.253125
18 0.05390625 0.63515625 0.0765625 0.253125
1 0.11875 0.640625 0.071875 0.253125
24 0.18359375 0.64296875 0.075 0.2515625
1 0.24921875 0.6453125 0.075 0.2515625
15 0.3140625 0.64765625 0.0734375 0.2484375
2 0.37421875 0.6515625 0.06875 0.25
23 0.4421875 0.65546875 0.06875 0.246875
8 0.50703125 0.66171875 0.071875 0.24375
0 0.56796875 0.66171875 0.06875 0.24375
8 0.634375 0.66796875 0.0765625 0.24375
8 0.76640625 0.67109375 0.071875 0.2421875
7 0.82890625 0.6734375 0.0734375 0.2453125
9 0.89453125 0.67890625 0.075 0.246875
9 0.95703125 0.68125 0.075 0.2453125