14 0.0609375 0.16640625 0.0453125 0.2625
31 0.13515625 0.1703125 0.05 0.25390625
47 0.2109375 0.1765625 0.0515625 0.25390625
35 0.28125 0.1734375 0.0546875 0.25390625
37 0.3609375 0.1703125 0.0515625 0.2484375
33 0.43515625 0.1765625 0.04921875 0.259375
51 0.51015625 0.171875 0.04921875 0.25703125
53 0.5828125 0.1734375 0.04609375 0.259375
49 0.659375 0.1703125 0.04765625 0.25390625
19 0.734375 0.1734375 0.05 0.25390625
21 0.80703125 0.1734375 0.0515625 0.259375
7 0.88203125 0.171875 0.046875 0.25078125
15 0.9578125 0.16640625 0.04765625 0.25703125
16 0.06171875 0.65390625 0.0515625 0.2625
9 0.1359375 0.65625 0.05078125 0.2625
32 0.21015625 0.65546875 0.0515625 0.25390625
11 0.2859375 0.65546875 0.05078125 0.259375
11 0.35859375 0.6578125 0.05234375 0.259375
17 0.4359375 0.65625 0.0515625 0.25703125
17 0.5109375 0.65546875 0.04921875 0.2484375