14 0.125 0.1140625 0.090625 0.228125
31 0.196875 0.1203125 0.09375 0.240625
47 0.271875 0.13125 0.0953125 0.259375
35 0.34140625 0.140625 0.0984375 0.259375
37 0.4203125 0.1515625 0.09375 0.253125
33 0.4921875 0.1703125 0.09375 0.2640625
51 0.5671875 0.17890625 0.09375 0.2609375
53 0.63828125 0.19296875 0.090625 0.2640625
49 0.7140625 0.203125 0.090625 0.2578125
19 0.7875 0.21875 0.09375 0.259375
21 0.859375 0.23203125 0.0953125 0.2640625
7 0.93359375 0.24296875 0.0890625 0.2546875
15 0.98125 0.25078125 0.0375 0.2609375
16 0.04453125 0.57578125 0.0890625 0.2671875
9 0.1140625 0.590625 0.0953125 0.2671875
32 0.1875 0.603125 0.0953125 0.259375
11 0.2625 0.615625 0.0953125 0.2640625
11 0.33359375 0.63125 0.096875 0.2640625
17 0.41015625 0.64296875 0.0953125 0.2625
17 0.48359375 0.6546875 0.0921875 0.253125