14 0.0296875 0.2296875 0.059375 0.265625
31 0.09296875 0.22421875 0.084375 0.2578125
47 0.16875 0.2203125 0.0859375 0.259375
35 0.23828125 0.20703125 0.0890625 0.259375
37 0.31640625 0.19296875 0.0859375 0.253125
33 0.390625 0.1890625 0.084375 0.2640625
51 0.4640625 0.1734375 0.084375 0.2609375
53 0.53671875 0.16484375 0.08125 0.2625
49 0.61171875 0.1515625 0.0828125 0.2578125
19 0.68671875 0.14375 0.084375 0.2578125
21 0.75859375 0.13359375 0.0875 0.2640625
7 0.8328125 0.12421875 0.08125 0.2484375
15 0.90703125 0.11796875 0.0828125 0.2359375
16 0.0875 0.71328125 0.0875 0.2671875
9 0.1609375 0.70546875 0.0875 0.2671875
32 0.234375 0.69453125 0.0859375 0.259375
11 0.309375 0.68359375 0.0859375 0.2640625
11 0.38203125 0.67578125 0.0875 0.2640625
17 0.45859375 0.66328125 0.0875 0.2609375
17 0.5328125 0.65234375 0.0828125 0.253125