10 0.09140625 0.13046875 0.0703125 0.2609375
0 0.18515625 0.128125 0.0671875 0.25625
0 0.27109375 0.13359375 0.0625 0.265625
0 0.35234375 0.13359375 0.0625 0.25625
31 0.4203125 0.1375 0.059375 0.2625
47 0.47734375 0.1390625 0.0625 0.259375
35 0.53359375 0.1453125 0.05625 0.2421875
37 0.590625 0.14609375 0.05625 0.2625
33 0.6484375 0.15078125 0.0578125 0.2421875
51 0.703125 0.15390625 0.0609375 0.253125
53 0.76015625 0.15234375 0.059375 0.2625
49 0.81640625 0.1625 0.05625 0.253125
19 0.8734375 0.1609375 0.05625 0.25625
21 0.93046875 0.1640625 0.0578125 0.25
39 0.97734375 0.1703125 0.0453125 0.259375
55 0.065625 0.61328125 0.065625 0.2734375
43 0.1609375 0.61171875 0.065625 0.2625
45 0.24609375 0.61796875 0.065625 0.265625
41 0.32734375 0.62109375 0.0609375 0.2734375
59 0.39453125 0.63515625 0.0578125 0.253125
61 0.45 0.62890625 0.0546875 0.259375
57 0.50859375 0.62890625 0.0578125 0.246875
27 0.56484375 0.63671875 0.0578125 0.2625
29 0.61953125 0.6375 0.0578125 0.265625
40 0.67734375 0.6453125 0.05625 0.25625
56 0.7359375 0.64375 0.0578125 0.271875
22 0.7890625 0.64296875 0.059375 0.25625
44 0.8484375 0.6515625 0.0578125 0.25
46 0.90390625 0.65390625 0.059375 0.25625
42 0.95859375 0.65546875 0.0578125 0.253125