10 0.07265625 0.14375 0.05625 0.275
0 0.1671875 0.14453125 0.05390625 0.2546875
0 0.25234375 0.14609375 0.04921875 0.26328125
0 0.33359375 0.1421875 0.05 0.2546875
31 0.4015625 0.1421875 0.0453125 0.26015625
47 0.45859375 0.140625 0.04921875 0.25703125
35 0.51484375 0.14375 0.04375 0.23984375
37 0.571875 0.1421875 0.04296875 0.26015625
33 0.6296875 0.14375 0.0453125 0.23984375
51 0.684375 0.14375 0.04765625 0.2515625
53 0.74140625 0.1390625 0.0453125 0.26015625
49 0.7984375 0.14609375 0.04296875 0.2515625
19 0.85546875 0.1421875 0.04296875 0.2546875
21 0.9125 0.1421875 0.04453125 0.2484375
39 0.965625 0.14609375 0.04375 0.25703125
55 0.071875 0.6359375 0.0515625 0.271875
43 0.1671875 0.6296875 0.0515625 0.26015625
45 0.25234375 0.63125 0.0515625 0.26328125
41 0.33359375 0.6296875 0.04609375 0.271875
59 0.4015625 0.640625 0.0453125 0.2515625
61 0.45703125 0.63125 0.04140625 0.25703125
57 0.515625 0.628125 0.0453125 0.2453125
27 0.571875 0.6328125 0.04453125 0.26015625
29 0.6265625 0.63125 0.04453125 0.26328125
40 0.684375 0.6359375 0.04296875 0.2546875
56 0.74296875 0.63125 0.04453125 0.26953125
22 0.79609375 0.62734375 0.046875 0.2546875
44 0.85625 0.6328125 0.0453125 0.2484375
46 0.91171875 0.6328125 0.046875 0.2546875
42 0.96640625 0.63125 0.0453125 0.2515625