3 0.2109375 0.484375 0.075 0.2484375
35 0.33828125 0.471875 0.06875 0.2234375
19 0.459375 0.4828125 0.0765625 0.2453125
1 0.5765625 0.4875 0.071875 0.2484375
33 0.69296875 0.484375 0.071875 0.2359375
5 0.8125 0.48671875 0.06875 0.2359375
0 0.9328125 0.48828125 0.0625 0.234375
31 0.21015625 0.81875 0.06875 0.1984375
17 0.33046875 0.82734375 0.0734375 0.2171875
9 0.45 0.828125 0.06875 0.2203125
15 0.57109375 0.8296875 0.0734375 0.221875
16 0.6875 0.8296875 0.065625 0.221875
47 0.80546875 0.834375 0.0734375 0.23125
7 0.93046875 0.83515625 0.0640625 0.2265625