3 0.2109375 0.4890625 0.0703125 0.24765625
35 0.3375 0.475 0.065625 0.221875
19 0.459375 0.48359375 0.071875 0.24453125
1 0.5765625 0.4859375 0.06796875 0.24765625
33 0.69296875 0.48125 0.06796875 0.23515625
5 0.8125 0.48125 0.0640625 0.23515625
0 0.9328125 0.48046875 0.0578125 0.23359375
31 0.215625 0.8234375 0.065625 0.196875
17 0.3359375 0.83046875 0.0703125 0.21640625
9 0.45546875 0.82890625 0.065625 0.21875
15 0.5765625 0.828125 0.06953125 0.2203125
16 0.69296875 0.8265625 0.06171875 0.2203125
47 0.8109375 0.82890625 0.06875 0.2296875
7 0.9359375 0.82734375 0.06015625 0.22578125