3 0.2125 0.5359375 0.1265625 0.2421875
35 0.33515625 0.51953125 0.140625 0.2421875
19 0.4578125 0.50625 0.1046875 0.2421875
1 0.575 0.48984375 0.1171875 0.240625
33 0.69375 0.4703125 0.1125 0.2453125
5 0.80625 0.4515625 0.1015625 0.240625
0 0.91953125 0.41640625 0.1125 0.2046875
31 0.26953125 0.8734375 0.1 0.2078125
17 0.38359375 0.85859375 0.1078125 0.215625
9 0.50625 0.83828125 0.109375 0.2125
15 0.62265625 0.81875 0.1125 0.209375
16 0.740625 0.8 0.1015625 0.203125
47 0.8578125 0.78515625 0.115625 0.209375
7 0.96015625 0.765625 0.0796875 0.203125