3 0.21015625 0.4953125 0.0953125 0.23125
35 0.334375 0.49609375 0.109375 0.2296875
19 0.45703125 0.5 0.0734375 0.234375
1 0.57578125 0.5 0.0859375 0.23125
33 0.69609375 0.49765625 0.0796875 0.2359375
5 0.81015625 0.49453125 0.0703125 0.2328125
0 0.92734375 0.47578125 0.0859375 0.1953125
31 0.21953125 0.8375 0.0734375 0.2
17 0.33515625 0.8390625 0.0796875 0.20625
9 0.459375 0.8359375 0.08125 0.203125
15 0.57734375 0.8328125 0.0859375 0.2
16 0.696875 0.83046875 0.075 0.1953125
47 0.81484375 0.83203125 0.0890625 0.1984375
7 0.9359375 0.83046875 0.0875 0.1921875