3 0.2109375 0.5203125 0.115625 0.2390625
35 0.334375 0.51015625 0.1296875 0.2390625
19 0.45703125 0.50390625 0.09375 0.240625
1 0.57578125 0.49375 0.10625 0.2375
33 0.6953125 0.48046875 0.1 0.2421875
5 0.80859375 0.4671875 0.090625 0.2375
0 0.9234375 0.43828125 0.103125 0.2015625
31 0.25 0.8609375 0.090625 0.20625
17 0.365625 0.85234375 0.096875 0.2125
9 0.4890625 0.83828125 0.0984375 0.209375
15 0.60625 0.825 0.103125 0.20625
16 0.725 0.81171875 0.0921875 0.2015625
47 0.84296875 0.803125 0.10625 0.2046875
7 0.95546875 0.79140625 0.0890625 0.1984375