4 0.103125 0.421875 0.1109375 0.21875
2 0.2609375 0.43046875 0.115625 0.2171875
51 0.43046875 0.44296875 0.1015625 0.2171875
49 0.5921875 0.45234375 0.1125 0.2140625
37 0.7546875 0.4625 0.1015625 0.2140625
21 0.91484375 0.47890625 0.109375 0.225
39 0.08203125 0.78984375 0.115625 0.1796875
23 0.24609375 0.80546875 0.1140625 0.1921875
25 0.40859375 0.81640625 0.121875 0.1921875
24 0.5609375 0.821875 0.1046875 0.190625
18 0.728125 0.83046875 0.1046875 0.18125
10 0.88984375 0.84375 0.121875 0.1890625