48 0.02109375 0.1921875 0.0421875 0.184375
13 0.10390625 0.17890625 0.0609375 0.178125
27 0.20078125 0.17265625 0.053125 0.1828125
34 0.28046875 0.1640625 0.05625 0.184375
40 0.35703125 0.15859375 0.0609375 0.1875
12 0.44921875 0.14296875 0.0578125 0.1765625
43 0.5453125 0.140625 0.05625 0.184375
36 0.621875 0.134375 0.0578125 0.184375
20 0.71796875 0.12734375 0.053125 0.1859375
41 0.8265625 0.11328125 0.0515625 0.1828125
57 0.053125 0.67265625 0.053125 0.1484375
13 0.13203125 0.66875 0.046875 0.15
57 0.1671875 0.6640625 0.0453125 0.1515625
45 0.24140625 0.6546875 0.046875 0.1453125
11 0.32109375 0.64765625 0.0484375 0.15
56 0.39765625 0.6421875 0.046875 0.1515625
56 0.47421875 0.63203125 0.0484375 0.15
57 0.509375 0.62734375 0.04375 0.15
46 0.58515625 0.61875 0.0484375 0.15625
59 0.66328125 0.61015625 0.046875 0.1515625
59 0.74140625 0.60234375 0.0453125 0.15
57 0.7765625 0.5984375 0.04375 0.14375
43 0.853125 0.596875 0.0453125 0.128125
57 0.88828125 0.5859375 0.040625 0.1390625
22 0.9625 0.5890625 0.046875 0.1578125