48 0.0421875 0.15078125 0.04296875 0.18125
13 0.13359375 0.1453125 0.0453125 0.175
27 0.23046875 0.14765625 0.0375 0.1796875
34 0.3109375 0.14609375 0.03984375 0.18125
40 0.3875 0.14765625 0.04453125 0.18359375
12 0.48046875 0.13984375 0.04296875 0.1734375
43 0.5765625 0.14609375 0.040625 0.18125
36 0.653125 0.14609375 0.0421875 0.18125
20 0.75 0.14765625 0.0375 0.18359375
41 0.859375 0.14296875 0.0359375 0.1796875
57 0.03984375 0.6328125 0.03984375 0.1453125
13 0.11875 0.6359375 0.034375 0.14765625
57 0.15390625 0.634375 0.03203125 0.14921875
45 0.22890625 0.63125 0.034375 0.14296875
11 0.30859375 0.63125 0.0359375 0.14765625
56 0.3859375 0.6328125 0.03359375 0.14921875
56 0.4625 0.62890625 0.03515625 0.14765625
57 0.4984375 0.62734375 0.03125 0.14765625
46 0.57421875 0.62578125 0.034375 0.15390625
59 0.653125 0.62421875 0.03359375 0.14921875
59 0.73125 0.62265625 0.0328125 0.14765625
57 0.7671875 0.621875 0.03125 0.14140625
43 0.84296875 0.62734375 0.034375 0.12578125
57 0.8796875 0.61953125 0.028125 0.13671875
22 0.953125 0.62890625 0.0328125 0.15625