31 0.13671875 0.29140625 0.08125 0.1046875
47 0.2484375 0.27578125 0.075 0.1
35 0.36875 0.2609375 0.0828125 0.0984375
37 0.475 0.24765625 0.0859375 0.1109375
33 0.59453125 0.23515625 0.0828125 0.1015625
51 0.7109375 0.21875 0.0890625 0.1046875
53 0.825 0.2046875 0.0828125 0.1046875
49 0.15625 0.47890625 0.0796875 0.103125
19 0.27109375 0.46328125 0.0859375 0.1078125
21 0.384375 0.44921875 0.084375 0.109375
39 0.50078125 0.4328125 0.078125 0.1015625
55 0.61328125 0.41953125 0.084375 0.103125
43 0.73046875 0.40546875 0.08125 0.103125
45 0.8453125 0.39375 0.0828125 0.109375
41 0.1828125 0.66328125 0.0796875 0.096875
59 0.29453125 0.6546875 0.084375 0.1015625
61 0.409375 0.6359375 0.0828125 0.10625
57 0.52265625 0.62265625 0.0828125 0.10625
27 0.640625 0.60703125 0.084375 0.1015625
29 0.75078125 0.59375 0.090625 0.1015625
40 0.87265625 0.57890625 0.0859375 0.1046875
56 0.31796875 0.8375 0.0875 0.10625
22 0.43046875 0.825 0.075 0.1046875
44 0.54375 0.80859375 0.08125 0.103125
46 0.6578125 0.79375 0.084375 0.103125
42 0.78046875 0.77890625 0.090625 0.103125