31 0.1734375 0.23671875 0.0734375 0.1
47 0.2859375 0.2390625 0.06875 0.09375
35 0.4078125 0.24375 0.075 0.09375
37 0.51484375 0.246875 0.078125 0.1046875
33 0.634375 0.253125 0.0765625 0.0953125
51 0.75234375 0.25546875 0.08125 0.0984375
53 0.8671875 0.259375 0.075 0.0984375
49 0.1640625 0.42578125 0.071875 0.0984375
19 0.2796875 0.428125 0.078125 0.1015625
21 0.39375 0.43125 0.0765625 0.103125
39 0.5109375 0.43359375 0.0703125 0.096875
55 0.625 0.43828125 0.0765625 0.096875
43 0.74296875 0.44296875 0.0734375 0.0984375
45 0.8578125 0.44921875 0.075 0.103125
41 0.16171875 0.61171875 0.071875 0.0921875
59 0.27265625 0.6203125 0.078125 0.0953125
61 0.38984375 0.6203125 0.075 0.1
57 0.503125 0.62421875 0.075 0.1
27 0.621875 0.628125 0.078125 0.0953125
29 0.7328125 0.63203125 0.0828125 0.0953125
40 0.85546875 0.6359375 0.078125 0.0984375
56 0.2671875 0.8046875 0.0796875 0.1
22 0.38046875 0.81015625 0.0671875 0.1
44 0.49453125 0.81171875 0.0734375 0.0984375
46 0.61015625 0.81484375 0.0765625 0.096875
42 0.73359375 0.81953125 0.0828125 0.096875