31 0.16796875 0.23515625 0.0703125 0.1015625
47 0.2859375 0.2375 0.078125 0.103125
35 0.4015625 0.24140625 0.0734375 0.103125
37 0.5203125 0.24765625 0.0671875 0.1046875
33 0.63515625 0.2484375 0.06875 0.1015625
51 0.74921875 0.253125 0.06875 0.103125
53 0.86484375 0.2578125 0.08125 0.10625
49 0.16015625 0.4234375 0.071875 0.1
19 0.27578125 0.4265625 0.071875 0.0984375
21 0.39375 0.4296875 0.0671875 0.096875
39 0.50859375 0.4328125 0.071875 0.0984375
55 0.628125 0.44140625 0.0734375 0.1015625
43 0.74375 0.44453125 0.0703125 0.0953125
45 0.859375 0.44921875 0.0671875 0.09375
41 0.16015625 0.61328125 0.071875 0.0984375
59 0.2734375 0.61640625 0.0671875 0.103125
61 0.38828125 0.62109375 0.078125 0.103125
57 0.50546875 0.625 0.0765625 0.09375
27 0.62421875 0.63046875 0.0765625 0.0984375
29 0.7359375 0.63125 0.071875 0.09375
40 0.85546875 0.6390625 0.0734375 0.103125
56 0.2671875 0.803125 0.075 0.1
22 0.38125 0.81015625 0.071875 0.0984375
44 0.496875 0.81328125 0.075 0.0984375
46 0.6140625 0.8171875 0.071875 0.1
42 0.73125 0.8203125 0.075 0.0984375