31 0.15859375 0.246875 0.0671875 0.1
47 0.2765625 0.2453125 0.075 0.1
35 0.39296875 0.2453125 0.0703125 0.1
37 0.51171875 0.246875 0.0640625 0.103125
33 0.6265625 0.24375 0.065625 0.1
51 0.740625 0.24453125 0.065625 0.1015625
53 0.85625 0.2453125 0.078125 0.103125
49 0.1578125 0.43515625 0.06875 0.0984375
19 0.2734375 0.434375 0.06875 0.096875
21 0.39140625 0.43359375 0.0640625 0.0953125
39 0.50625 0.4328125 0.06875 0.096875
55 0.62578125 0.43671875 0.0703125 0.0984375
43 0.74140625 0.4359375 0.0671875 0.09375
45 0.85703125 0.43671875 0.0640625 0.0921875
41 0.1640625 0.625 0.06875 0.096875
59 0.27734375 0.62421875 0.0640625 0.1015625
61 0.3921875 0.625 0.075 0.1
57 0.51015625 0.625 0.0734375 0.090625
27 0.62890625 0.62578125 0.0734375 0.0953125
29 0.740625 0.62265625 0.06875 0.0921875
40 0.86015625 0.6265625 0.0703125 0.1
56 0.278125 0.8109375 0.071875 0.096875
22 0.3921875 0.8140625 0.06875 0.096875
44 0.5078125 0.81328125 0.071875 0.0953125
46 0.625 0.81328125 0.06875 0.0984375
42 0.7421875 0.81171875 0.071875 0.0953125