31 0.16484375 0.2484375 0.06953125 0.09765625
47 0.27734375 0.246875 0.06484375 0.0921875
35 0.39921875 0.246875 0.071875 0.090625
37 0.50625 0.246875 0.07421875 0.10234375
33 0.62578125 0.2484375 0.07265625 0.09296875
51 0.74375 0.246875 0.078125 0.09609375
53 0.85859375 0.246875 0.07109375 0.09609375
49 0.16171875 0.4375 0.06796875 0.09609375
19 0.27734375 0.4359375 0.07421875 0.09921875
21 0.39140625 0.43515625 0.07265625 0.10078125
39 0.50859375 0.43359375 0.06640625 0.09453125
55 0.62265625 0.43359375 0.07265625 0.09453125
43 0.740625 0.434375 0.06953125 0.09609375
45 0.85546875 0.43671875 0.07109375 0.10078125
41 0.165625 0.6234375 0.06953125 0.08984375
59 0.27734375 0.628125 0.07421875 0.09296875
61 0.39375 0.62421875 0.07109375 0.09765625
57 0.5078125 0.62421875 0.07109375 0.09765625
27 0.6265625 0.6234375 0.07421875 0.09296875
29 0.7375 0.6234375 0.0796875 0.09296875
40 0.86015625 0.6234375 0.07421875 0.09609375
56 0.278125 0.8125 0.07578125 0.09765625
22 0.39140625 0.8140625 0.06328125 0.09765625
44 0.50546875 0.81171875 0.06953125 0.09609375
46 0.62109375 0.8109375 0.07265625 0.09453125
42 0.74453125 0.8109375 0.0796875 0.09453125