31 0.1375 0.27734375 0.075 0.10625
47 0.25546875 0.265625 0.0828125 0.10625
35 0.37109375 0.25546875 0.078125 0.10625
37 0.48984375 0.246875 0.0734375 0.1078125
33 0.60390625 0.23359375 0.0734375 0.1046875
51 0.7171875 0.22421875 0.075 0.10625
53 0.8328125 0.21484375 0.0875 0.109375
49 0.153125 0.46484375 0.0765625 0.1046875
19 0.26875 0.4546875 0.0765625 0.103125
21 0.3859375 0.44296875 0.071875 0.1
39 0.5 0.4328125 0.0765625 0.103125
55 0.61953125 0.42578125 0.078125 0.1046875
43 0.73515625 0.41484375 0.075 0.1
45 0.85 0.40546875 0.071875 0.096875
41 0.1765625 0.65390625 0.0765625 0.103125
59 0.2890625 0.64296875 0.0734375 0.10625
61 0.403125 0.63359375 0.0828125 0.10625
57 0.52109375 0.6234375 0.08125 0.096875
27 0.6390625 0.6140625 0.08125 0.1015625
29 0.75078125 0.6015625 0.0765625 0.0984375
40 0.86953125 0.59453125 0.078125 0.10625
56 0.30625 0.82890625 0.0796875 0.103125
22 0.4203125 0.821875 0.0765625 0.103125
44 0.53515625 0.81171875 0.0796875 0.1015625
46 0.6515625 0.8015625 0.0765625 0.1046875
42 0.76875 0.7890625 0.0796875 0.1015625