52 0.0390625 0.14375 0.040625 0.11875
55 0.10625 0.14375 0.053125 0.109375
11 0.20234375 0.146875 0.0609375 0.115625
58 0.30859375 0.14765625 0.040625 0.1109375
31 0.34296875 0.146875 0.0359375 0.1109375
38 0.03125 0.646875 0.040625 0.121875
30 0.09140625 0.64453125 0.04375 0.1203125
29 0.19296875 0.6453125 0.05 0.115625
32 0.3078125 0.6484375 0.046875 0.1125
50 0.38515625 0.646875 0.04375 0.1140625
54 0.45 0.6484375 0.0390625 0.11875
44 0.5140625 0.64921875 0.0484375 0.11875
58 0.5765625 0.65078125 0.0390625 0.11875
62 0.64453125 0.65234375 0.0390625 0.11875
53 0.7078125 0.65546875 0.04375 0.121875
60 0.771875 0.65703125 0.046875 0.1234375
42 0.83671875 0.65703125 0.0359375 0.1234375
28 0.9046875 0.65859375 0.05 0.1234375
61 0.9671875 0.65859375 0.040625 0.1203125