52 0.02109375 0.16796875 0.0421875 0.11875
55 0.08828125 0.16484375 0.0546875 0.1109375
11 0.184375 0.16328125 0.0625 0.115625
58 0.290625 0.1578125 0.0421875 0.1125
31 0.32421875 0.15625 0.0375 0.1125
38 0.0390625 0.67109375 0.0421875 0.1234375
30 0.09921875 0.665625 0.0453125 0.1203125
29 0.20078125 0.6609375 0.0515625 0.1171875
32 0.315625 0.6578125 0.0484375 0.1125
50 0.39296875 0.653125 0.0453125 0.115625
54 0.4578125 0.65078125 0.0421875 0.11875
44 0.521875 0.6484375 0.0515625 0.1203125
58 0.584375 0.64609375 0.0421875 0.11875
62 0.65234375 0.64453125 0.0421875 0.1203125
53 0.715625 0.64375 0.0453125 0.1234375
60 0.7796875 0.64296875 0.0484375 0.1234375
42 0.84375 0.6390625 0.0390625 0.1234375
28 0.91171875 0.6375 0.053125 0.1234375
61 0.97421875 0.634375 0.0421875 0.1203125