52 0.0328125 0.1515625 0.03828125 0.11796875
55 0.1 0.15078125 0.0515625 0.10859375
11 0.19609375 0.15234375 0.05859375 0.1140625
58 0.30234375 0.15078125 0.03828125 0.1109375
31 0.33671875 0.15 0.034375 0.1109375
38 0.03359375 0.6546875 0.03828125 0.121875
30 0.09375 0.6515625 0.04140625 0.11953125
29 0.1953125 0.65078125 0.04765625 0.11484375
32 0.31015625 0.6515625 0.0453125 0.11171875
50 0.3875 0.64921875 0.04140625 0.1140625
54 0.45234375 0.64921875 0.0375 0.11796875
44 0.51640625 0.64921875 0.046875 0.11796875
58 0.57890625 0.64921875 0.0375 0.11796875
62 0.646875 0.65 0.0375 0.11875
53 0.71015625 0.6515625 0.04140625 0.121875
60 0.77421875 0.65234375 0.04453125 0.12265625
42 0.8390625 0.65078125 0.034375 0.12265625
28 0.90703125 0.6515625 0.0484375 0.121875
61 0.96953125 0.65078125 0.03828125 0.11953125