3 0.08046875 0.22578125 0.0859375 0.3125
27 0.125 0.228125 0.0828125 0.303125
3 0.2078125 0.26484375 0.0953125 0.359375
35 0.2546875 0.2671875 0.09375 0.359375
3 0.34140625 0.2859375 0.090625 0.3578125
17 0.3859375 0.28828125 0.0921875 0.3578125
3 0.48828125 0.29921875 0.0921875 0.35
16 0.5296875 0.30625 0.0921875 0.35
3 0.634375 0.32265625 0.09375 0.359375
45 0.678125 0.3203125 0.090625 0.3578125
3 0.76796875 0.33671875 0.0890625 0.34375
40 0.80625 0.34296875 0.0921875 0.353125
3 0.909375 0.3640625 0.090625 0.3359375
34 0.953125 0.36875 0.084375 0.33125