3 0.04296875 0.29453125 0.0375 0.3109375
27 0.08671875 0.28984375 0.0359375 0.3015625
3 0.17421875 0.31328125 0.03984375 0.35703125
35 0.22109375 0.30859375 0.0390625 0.35703125
3 0.31015625 0.31328125 0.0359375 0.35703125
17 0.35390625 0.30859375 0.03671875 0.35703125
3 0.45703125 0.30390625 0.0390625 0.34765625
16 0.49921875 0.30390625 0.03828125 0.34765625
3 0.6046875 0.30390625 0.0390625 0.35703125
45 0.64765625 0.29453125 0.0359375 0.35703125
3 0.7390625 0.296875 0.0359375 0.34296875
40 0.778125 0.296875 0.0375 0.35234375
3 0.8828125 0.3015625 0.03828125 0.33359375
34 0.92734375 0.29921875 0.03359375 0.3296875