3 0.046875 0.28671875 0.0421875 0.3109375
27 0.090625 0.2828125 0.040625 0.3015625
3 0.17734375 0.3078125 0.0453125 0.3578125
35 0.22421875 0.30390625 0.0453125 0.3578125
3 0.31328125 0.31015625 0.0421875 0.3578125
17 0.35703125 0.30625 0.0421875 0.3578125
3 0.46015625 0.303125 0.0453125 0.3484375
16 0.50234375 0.30390625 0.04375 0.3484375
3 0.6078125 0.30546875 0.0453125 0.3578125
45 0.6515625 0.296875 0.0421875 0.3578125
3 0.7421875 0.30078125 0.0421875 0.34375
40 0.78125 0.3015625 0.04375 0.353125
3 0.8859375 0.30859375 0.04375 0.334375
34 0.93046875 0.30703125 0.0390625 0.3296875