3 0.02734375 0.36015625 0.0546875 0.2296875
27 0.0640625 0.3515625 0.0921875 0.2296875
3 0.14296875 0.3421875 0.0859375 0.234375
35 0.19375 0.3328125 0.0859375 0.234375
3 0.2734375 0.32109375 0.09375 0.2375
17 0.32421875 0.3109375 0.0828125 0.2359375
3 0.4125 0.3 0.103125 0.2453125
16 0.471875 0.2890625 0.0875 0.2421875
3 0.5703125 0.27265625 0.0921875 0.2453125
45 0.6265625 0.2640625 0.09375 0.2421875
3 0.7 0.2546875 0.0921875 0.24375
40 0.75 0.246875 0.0859375 0.2453125
3 0.84609375 0.23359375 0.0921875 0.2515625
34 0.89765625 0.225 0.084375 0.2484375