3 0.0375 0.28515625 0.05625 0.2234375
27 0.09296875 0.28515625 0.0578125 0.2234375
3 0.171875 0.28828125 0.05 0.2296875
35 0.2234375 0.28671875 0.05 0.2296875
3 0.30390625 0.2875 0.0578125 0.23125
17 0.35625 0.2859375 0.046875 0.23125
3 0.44453125 0.2890625 0.0671875 0.2375
16 0.50546875 0.2875 0.0515625 0.2375
3 0.6046875 0.28671875 0.05625 0.2390625
45 0.66171875 0.28671875 0.0578125 0.2359375
3 0.7359375 0.2890625 0.05625 0.2375
40 0.78671875 0.2890625 0.0484375 0.240625
3 0.88359375 0.29140625 0.0546875 0.2453125
34 0.9359375 0.290625 0.046875 0.24375