3 0.03125 0.3015625 0.0625 0.225
27 0.0859375 0.29921875 0.065625 0.225
3 0.16484375 0.3 0.0578125 0.23125
35 0.21640625 0.296875 0.0578125 0.23125
3 0.296875 0.29453125 0.065625 0.2328125
17 0.34921875 0.29140625 0.0546875 0.2328125
3 0.4375 0.29140625 0.075 0.2390625
16 0.4984375 0.2875 0.059375 0.2390625
3 0.596875 0.2828125 0.0640625 0.240625
45 0.65390625 0.28125 0.065625 0.2375
3 0.728125 0.28125 0.0640625 0.2390625
40 0.77890625 0.27890625 0.05625 0.2421875
3 0.87578125 0.278125 0.0625 0.246875
34 0.928125 0.27578125 0.0546875 0.2453125