33 0.03125 0.23046875 0.028125 0.1640625
40 0.0515625 0.2296875 0.0234375 0.1640625
19 0.06953125 0.2234375 0.0265625 0.171875
42 0.0875 0.22265625 0.025 0.1546875
61 0.11796875 0.22734375 0.025 0.159375
52 0.13671875 0.22578125 0.0265625 0.165625
17 0.15390625 0.2234375 0.0234375 0.1578125
42 0.17109375 0.22421875 0.025 0.1625
49 0.20390625 0.21875 0.025 0.1609375
57 0.22109375 0.21796875 0.0234375 0.1640625
27 0.23828125 0.21796875 0.025 0.159375
35 0.25625 0.215625 0.025 0.15625
15 0.27421875 0.21640625 0.025 0.159375
0 0.30625 0.21484375 0.0234375 0.159375
19 0.3234375 0.21328125 0.021875 0.159375
57 0.33984375 0.21171875 0.0234375 0.1578125
5 0.35859375 0.20625 0.021875 0.1484375
43 0.37421875 0.20625 0.021875 0.1421875
49 0.3921875 0.20546875 0.021875 0.1421875
27 0.41015625 0.2078125 0.0234375 0.1578125
39 0.44609375 0.20703125 0.021875 0.15
48 0.46015625 0.20859375 0.021875 0.1453125
36 0.47734375 0.20625 0.025 0.153125
1 0.4953125 0.2078125 0.021875 0.1484375
40 0.51171875 0.20859375 0.021875 0.15
43 0.52890625 0.20859375 0.0234375 0.1515625
33 0.546875 0.20859375 0.0234375 0.1546875
34 0.565625 0.21015625 0.025 0.1578125
3 0.01640625 0.4421875 0.021875 0.134375
20 0.03359375 0.4421875 0.0234375 0.134375
4 0.065625 0.44375 0.0234375 0.1375
58 0.08203125 0.4421875 0.021875 0.1328125
27 0.09921875 0.440625 0.021875 0.1359375
16 0.11640625 0.43984375 0.0234375 0.1359375
3 0.1359375 0.43828125 0.021875 0.134375
56 0.1515625 0.4328125 0.0203125 0.1265625
3 0.1859375 0.43125 0.021875 0.1296875
59 0.2015625 0.4296875 0.021875 0.1265625
17 0.21875 0.42890625 0.021875 0.128125
15 0.240625 0.42578125 0.0203125 0.1265625
41 0.25390625 0.4234375 0.0203125 0.1265625
45 0.27109375 0.42421875 0.0203125 0.1265625
41 0.30234375 0.421875 0.0234375 0.1265625
11 0.3203125 0.421875 0.0203125 0.13125
27 0.3375 0.41953125 0.021875 0.1265625
19 0.3703125 0.41953125 0.021875 0.13125
62 0.38671875 0.4203125 0.0234375 0.134375
19 0.40546875 0.4203125 0.0203125 0.1328125
20 0.42265625 0.41875 0.021875 0.1390625
26 0.44140625 0.41875 0.0234375 0.134375
21 0.45859375 0.415625 0.0203125 0.1328125
19 0.475 0.4171875 0.021875 0.134375
18 0.49140625 0.41640625 0.021875 0.134375
61 0.52421875 0.41328125 0.0234375 0.1328125
52 0.5421875 0.41171875 0.021875 0.134375
17 0.559375 0.4125 0.021875 0.1328125
42 0.57734375 0.4125 0.0234375 0.1359375
2 0.60859375 0.4109375 0.0234375 0.1328125
30 0.6265625 0.409375 0.0203125 0.134375
5 0.6453125 0.409375 0.0203125 0.134375
43 0.66171875 0.4078125 0.021875 0.13125
4 0.67890625 0.40625 0.0203125 0.13125
38 0.696875 0.40390625 0.021875 0.1296875
20 0.7140625 0.40234375 0.0203125 0.1296875
1 0.73203125 0.4015625 0.01875 0.1265625
40 0.74921875 0.39765625 0.0234375 0.121875
41 0.78046875 0.39765625 0.021875 0.125
7 0.803125 0.39453125 0.01875 0.121875
54 0.81484375 0.39453125 0.01875 0.121875
31 0.8375 0.39140625 0.01875 0.1203125
56 0.85078125 0.38984375 0.01875 0.1203125
13 0.88203125 0.3890625 0.0203125 0.1234375
26 0.89921875 0.3890625 0.021875 0.125
7 0.92265625 0.38203125 0.0171875 0.1171875
41 0.93515625 0.3796875 0.01875 0.1125
16 0.9515625 0.38125 0.0203125 0.1140625
28 0.96953125 0.3828125 0.021875 0.121875
5 0.0265625 0.6421875 0.0203125 0.1109375
43 0.04375 0.64140625 0.0203125 0.1109375
34 0.0609375 0.63984375 0.0203125 0.1109375
5 0.07734375 0.63828125 0.0203125 0.1109375
9 0.09375 0.63671875 0.0203125 0.1125
48 0.11171875 0.6359375 0.0203125 0.1125
11 0.1296875 0.63515625 0.0203125 0.1125
20 0.146875 0.6328125 0.0203125 0.1140625
33 0.1640625 0.63125 0.021875 0.1140625
34 0.18203125 0.63046875 0.0203125 0.115625
0 0.21328125 0.62890625 0.0203125 0.1171875
27 0.23125 0.625 0.021875 0.1171875
1 0.25 0.62578125 0.0203125 0.1171875
40 0.26640625 0.62578125 0.021875 0.11875
21 0.2984375 0.62265625 0.021875 0.1171875
54 0.315625 0.62265625 0.0203125 0.11875
4 0.33359375 0.6234375 0.021875 0.121875
45 0.3515625 0.62421875 0.021875 0.125
57 0.36953125 0.621875 0.021875 0.125
22 0.38671875 0.62109375 0.021875 0.128125
4 0.41953125 0.6203125 0.0203125 0.13125
54 0.4359375 0.61953125 0.021875 0.1328125
0 0.45390625 0.61796875 0.0203125 0.13125
61 0.47109375 0.6171875 0.0203125 0.1296875
20 0.4890625 0.61640625 0.0234375 0.1296875
1 0.50703125 0.615625 0.0203125 0.128125
40 0.5234375 0.6125 0.021875 0.128125
21 0.0375 0.8359375 0.021875 0.1234375
57 0.05390625 0.834375 0.0203125 0.1234375
26 0.0703125 0.834375 0.021875 0.125
19 0.08828125 0.834375 0.0203125 0.125
62 0.10625 0.83359375 0.021875 0.125
21 0.1234375 0.83125 0.0203125 0.125
48 0.14140625 0.83125 0.021875 0.1265625
34 0.15703125 0.828125 0.01875 0.128125
13 0.17421875 0.82421875 0.021875 0.1265625
21 0.20546875 0.8234375 0.021875 0.128125
17 0.22421875 0.8203125 0.021875 0.1296875
19 0.24140625 0.81953125 0.021875 0.1265625
18 0.259375 0.8203125 0.021875 0.1296875