33 0.04609375 0.20625 0.0203125 0.16328125
40 0.06640625 0.20625 0.01484375 0.16328125
19 0.084375 0.2015625 0.01796875 0.171875
42 0.10234375 0.2015625 0.01640625 0.1546875
61 0.1328125 0.2078125 0.0171875 0.15859375
52 0.1515625 0.20703125 0.0171875 0.165625
17 0.16875 0.20546875 0.01484375 0.15703125
42 0.1859375 0.20703125 0.01640625 0.1625
49 0.21875 0.20390625 0.0171875 0.1609375
57 0.2359375 0.20390625 0.01484375 0.1640625
27 0.253125 0.2046875 0.01640625 0.159375
35 0.27109375 0.203125 0.01640625 0.15546875
15 0.2890625 0.2046875 0.01640625 0.159375
0 0.32109375 0.2046875 0.015625 0.159375
19 0.33828125 0.2046875 0.0140625 0.159375
57 0.35546875 0.20390625 0.015625 0.15703125
5 0.37421875 0.19921875 0.01484375 0.14765625
43 0.38984375 0.2 0.01484375 0.1421875
49 0.4078125 0.2 0.01484375 0.1421875
27 0.42578125 0.20390625 0.015625 0.15703125
39 0.46171875 0.2046875 0.01484375 0.14921875
48 0.47578125 0.20703125 0.01484375 0.1453125
36 0.49296875 0.20546875 0.0171875 0.15234375
1 0.5109375 0.2078125 0.0140625 0.1484375
40 0.52734375 0.209375 0.0140625 0.15
43 0.54375 0.21015625 0.01484375 0.1515625
33 0.56171875 0.21171875 0.01484375 0.15390625
34 0.58046875 0.2140625 0.0171875 0.15703125
3 0.0203125 0.4171875 0.01484375 0.13359375
20 0.0375 0.41796875 0.0171875 0.134375
4 0.06953125 0.42109375 0.01640625 0.13671875
58 0.0859375 0.4203125 0.01484375 0.13203125
27 0.103125 0.41953125 0.01484375 0.1359375
16 0.1203125 0.41953125 0.015625 0.1359375
3 0.13984375 0.41953125 0.01484375 0.13359375
56 0.15546875 0.41484375 0.0140625 0.1265625
3 0.18984375 0.41484375 0.01484375 0.12890625
59 0.20546875 0.4140625 0.015625 0.1265625
17 0.22265625 0.4140625 0.01484375 0.128125
15 0.24453125 0.4125 0.01328125 0.1265625
41 0.25859375 0.4109375 0.01328125 0.12578125
45 0.275 0.4125 0.0140625 0.1265625
41 0.30703125 0.41171875 0.01640625 0.1265625
11 0.325 0.4125 0.0140625 0.13125
27 0.3421875 0.4109375 0.015625 0.12578125
19 0.375 0.4125 0.01484375 0.13125
62 0.39140625 0.41484375 0.01640625 0.13359375
19 0.409375 0.415625 0.0140625 0.13203125
20 0.42734375 0.41484375 0.01484375 0.13828125
26 0.44609375 0.415625 0.0171875 0.134375
21 0.46328125 0.41328125 0.0140625 0.1328125
19 0.4796875 0.415625 0.01484375 0.13359375
18 0.49609375 0.41640625 0.01484375 0.134375
61 0.52890625 0.41484375 0.01640625 0.1328125
52 0.546875 0.4140625 0.015625 0.13359375
17 0.5640625 0.415625 0.01484375 0.1328125
42 0.58203125 0.41640625 0.01640625 0.13515625
2 0.61328125 0.41640625 0.01640625 0.1328125
30 0.63125 0.41640625 0.0140625 0.13359375
5 0.65 0.4171875 0.0140625 0.13359375
43 0.66640625 0.41640625 0.01484375 0.13125
4 0.68359375 0.415625 0.0140625 0.13125
38 0.7015625 0.4140625 0.01484375 0.1296875
20 0.71875 0.4140625 0.0140625 0.1296875
1 0.73671875 0.4140625 0.0125 0.12578125
40 0.75390625 0.4109375 0.01640625 0.121875
41 0.78515625 0.4125 0.015625 0.12421875
7 0.80859375 0.4109375 0.0125 0.12109375
54 0.8203125 0.4109375 0.01171875 0.12109375
31 0.84296875 0.409375 0.0125 0.11953125
56 0.85625 0.40859375 0.01328125 0.11953125
13 0.8875 0.409375 0.0140625 0.1234375
26 0.9046875 0.41015625 0.01484375 0.12421875
7 0.928125 0.4046875 0.01171875 0.1171875
41 0.940625 0.40234375 0.01328125 0.11171875
16 0.95703125 0.4046875 0.0140625 0.11328125
28 0.975 0.4078125 0.015625 0.12109375
5 0.01953125 0.6171875 0.0140625 0.11015625
43 0.03671875 0.6171875 0.01484375 0.11015625
34 0.05390625 0.61640625 0.0140625 0.1109375
5 0.07109375 0.615625 0.01484375 0.11015625
9 0.0875 0.615625 0.01484375 0.1125
48 0.10546875 0.615625 0.0140625 0.1125
11 0.1234375 0.615625 0.0140625 0.1125
20 0.140625 0.6140625 0.01484375 0.11328125
33 0.1578125 0.61328125 0.015625 0.1140625
34 0.17578125 0.61328125 0.01484375 0.115625
0 0.20703125 0.6140625 0.01484375 0.11640625
27 0.225 0.6109375 0.015625 0.11640625
1 0.24375 0.6125 0.01484375 0.1171875
40 0.26015625 0.61328125 0.015625 0.11796875
21 0.2921875 0.61171875 0.015625 0.1171875
54 0.309375 0.6125 0.0140625 0.11875
4 0.32734375 0.61484375 0.01484375 0.121875
45 0.3453125 0.61640625 0.015625 0.12421875
57 0.36328125 0.61484375 0.015625 0.125
22 0.38046875 0.61484375 0.015625 0.12734375
4 0.41328125 0.615625 0.0140625 0.13046875
54 0.4296875 0.615625 0.01484375 0.1328125
0 0.44765625 0.615625 0.0140625 0.13046875
61 0.46484375 0.615625 0.0140625 0.1296875
20 0.4828125 0.615625 0.01640625 0.1296875
1 0.50078125 0.615625 0.01328125 0.12734375
40 0.5171875 0.61328125 0.015625 0.12734375
21 0.0203125 0.8109375 0.01484375 0.12265625
57 0.03671875 0.8109375 0.0140625 0.1234375
26 0.053125 0.81171875 0.01484375 0.12421875
19 0.07109375 0.8125 0.0140625 0.125
62 0.0890625 0.8125 0.01484375 0.125
21 0.10625 0.8109375 0.01328125 0.125
48 0.12421875 0.81171875 0.015625 0.12578125
34 0.140625 0.809375 0.0125 0.12734375
13 0.1578125 0.80703125 0.01484375 0.12578125
21 0.1890625 0.8078125 0.015625 0.12734375
17 0.2078125 0.80546875 0.01484375 0.12890625
19 0.225 0.80546875 0.015625 0.12578125
18 0.24296875 0.80703125 0.015625 0.1296875