43 0.9140625 0.2359375 0.1109375 0.240625
55 0.84765625 0.24453125 0.1078125 0.2390625
39 0.76953125 0.253125 0.10625 0.2359375
21 0.69296875 0.26328125 0.1046875 0.234375
19 0.61796875 0.27265625 0.1109375 0.234375
49 0.5453125 0.28046875 0.1046875 0.240625
53 0.47109375 0.28984375 0.1078125 0.2359375
51 0.39609375 0.2984375 0.10625 0.2375
33 0.31875 0.30703125 0.103125 0.2421875
37 0.24375 0.31640625 0.1078125 0.246875
35 0.16796875 0.3328125 0.109375 0.23125
47 0.09296875 0.34140625 0.1 0.225
31 0.0359375 0.34921875 0.071875 0.2234375
45 0.09296875 0.86484375 0.1015625 0.23125
41 0.16171875 0.85390625 0.096875 0.2296875
59 0.240625 0.84375 0.1078125 0.23125
61 0.3171875 0.83515625 0.09375 0.228125
57 0.38828125 0.8234375 0.096875 0.23125
27 0.459375 0.81328125 0.1046875 0.23125
29 0.5328125 0.803125 0.1 0.2265625
40 0.6109375 0.79453125 0.1015625 0.2296875
56 0.684375 0.784375 0.1 0.23125
22 0.75625 0.77421875 0.1015625 0.23125
44 0.83359375 0.76328125 0.0953125 0.2328125
46 0.9046875 0.75234375 0.096875 0.23125
42 0.96640625 0.74140625 0.0671875 0.2296875