43 0.95703125 0.3359375 0.0859375 0.2375
55 0.89609375 0.32890625 0.096875 0.2359375
39 0.81875 0.3203125 0.09375 0.2328125
21 0.74140625 0.3125 0.0921875 0.23125
19 0.66640625 0.30546875 0.0984375 0.23125
49 0.59375 0.29609375 0.09375 0.2390625
53 0.51953125 0.28828125 0.096875 0.234375
51 0.44375 0.28046875 0.0953125 0.2359375
33 0.3671875 0.27109375 0.0921875 0.2390625
37 0.29140625 0.2640625 0.0953125 0.24375
35 0.2140625 0.2625 0.0984375 0.228125
47 0.1390625 0.25390625 0.0890625 0.2234375
31 0.0671875 0.2453125 0.0921875 0.2203125
45 0.0328125 0.7640625 0.065625 0.228125
41 0.090625 0.76875 0.0859375 0.228125
59 0.16953125 0.77734375 0.096875 0.228125
61 0.246875 0.78515625 0.0828125 0.2265625
57 0.31875 0.78984375 0.0859375 0.228125
27 0.38984375 0.79609375 0.09375 0.2296875
29 0.4640625 0.80234375 0.0890625 0.225
40 0.54140625 0.81171875 0.090625 0.2265625
56 0.615625 0.81796875 0.0890625 0.228125
22 0.68828125 0.825 0.090625 0.228125
44 0.765625 0.83125 0.0828125 0.23125
46 0.8375 0.83671875 0.0859375 0.228125
42 0.9171875 0.84375 0.090625 0.2265625