43 0.946875 0.29609375 0.07890625 0.23203125
55 0.8796875 0.2953125 0.0765625 0.23046875
39 0.8015625 0.29296875 0.075 0.22734375
21 0.72421875 0.2921875 0.0734375 0.22578125
19 0.6484375 0.29140625 0.0796875 0.22578125
49 0.57578125 0.2890625 0.0734375 0.2328125
53 0.50078125 0.2875 0.0765625 0.228125
51 0.425 0.2859375 0.075 0.2296875
33 0.34765625 0.28359375 0.071875 0.234375
37 0.271875 0.2828125 0.075 0.23828125
35 0.19453125 0.28828125 0.07890625 0.22265625
47 0.11875 0.2859375 0.07109375 0.21796875
31 0.046875 0.284375 0.0734375 0.21484375
45 0.04609375 0.8046875 0.071875 0.2234375
41 0.115625 0.803125 0.0671875 0.22265625
59 0.1953125 0.8046875 0.07734375 0.221875
61 0.27265625 0.80625 0.0640625 0.221875
57 0.34453125 0.8046875 0.0671875 0.2234375
27 0.41640625 0.8046875 0.075 0.2234375
29 0.490625 0.8046875 0.06953125 0.21953125
40 0.56875 0.80703125 0.07109375 0.221875
56 0.64296875 0.80703125 0.06953125 0.2234375
22 0.715625 0.80703125 0.07109375 0.2234375
44 0.79375 0.80703125 0.0640625 0.22578125
46 0.865625 0.80625 0.0671875 0.2234375
42 0.9453125 0.80625 0.07109375 0.221875