35 0.059375 0.33203125 0.0640625 0.221875
33 0.090625 0.3359375 0.0640625 0.21875
43 0.12578125 0.34140625 0.0640625 0.2234375
43 0.15703125 0.34609375 0.0625 0.2234375
57 0.190625 0.353125 0.065625 0.2265625
51 0.2234375 0.353125 0.0625 0.2171875
41 0.25703125 0.35859375 0.0609375 0.2171875
1 0.2890625 0.36171875 0.059375 0.215625
34 0.3484375 0.37109375 0.065625 0.2171875
1 0.38515625 0.37421875 0.0609375 0.2125
27 0.4171875 0.37890625 0.0625 0.2125
5 0.45078125 0.384375 0.0625 0.2125
53 0.4828125 0.38828125 0.0609375 0.209375
41 0.5171875 0.39375 0.065625 0.2109375
52 0.578125 0.4046875 0.0625 0.2
0 0.61171875 0.41015625 0.059375 0.19375
3 0.6453125 0.4140625 0.0546875 0.1875
43 0.67734375 0.41875 0.0578125 0.1921875
27 0.71015625 0.4234375 0.0578125 0.1890625
35 0.77109375 0.4359375 0.0625 0.2015625
52 0.80546875 0.4453125 0.0625 0.2078125
35 0.83671875 0.45078125 0.0609375 0.2125
42 0.871875 0.45703125 0.0640625 0.21875
4 0.93203125 0.46640625 0.065625 0.228125
41 0.9640625 0.4703125 0.0625 0.2265625
0 0.02109375 0.62109375 0.0421875 0.2015625
41 0.04296875 0.62734375 0.0609375 0.2015625
31 0.075 0.63359375 0.059375 0.203125
22 0.11015625 0.6359375 0.059375 0.203125
35 0.171875 0.64765625 0.0625 0.2015625
33 0.20625 0.65078125 0.059375 0.196875
43 0.23828125 0.65546875 0.059375 0.196875
18 0.27109375 0.66015625 0.0578125 0.19375