35 0.03828125 0.403125 0.03046875 0.21953125
33 0.0703125 0.4015625 0.03046875 0.2171875
43 0.10546875 0.4015625 0.03046875 0.221875
43 0.1375 0.4015625 0.02890625 0.221875
57 0.17109375 0.403125 0.03046875 0.22421875
51 0.20390625 0.3984375 0.02890625 0.21484375
41 0.23828125 0.3984375 0.028125 0.21484375
1 0.2703125 0.39609375 0.0265625 0.21484375
34 0.33046875 0.39609375 0.03203125 0.21484375
1 0.3671875 0.39375 0.028125 0.2109375
27 0.39921875 0.39375 0.03046875 0.2109375
5 0.43359375 0.39375 0.0296875 0.2109375
53 0.465625 0.3921875 0.02890625 0.2078125
41 0.5 0.3921875 0.03359375 0.2078125
52 0.5625 0.39375 0.0328125 0.196875
0 0.59609375 0.39375 0.02890625 0.1921875
3 0.6296875 0.3921875 0.0265625 0.18515625
43 0.6625 0.3921875 0.02890625 0.18984375
27 0.6953125 0.39140625 0.02890625 0.1875
35 0.7578125 0.39453125 0.03125 0.19921875
52 0.79296875 0.3984375 0.03046875 0.20625
35 0.825 0.3984375 0.028125 0.2109375
42 0.86015625 0.39921875 0.03046875 0.2171875
4 0.92109375 0.39921875 0.03046875 0.2265625
41 0.95390625 0.3984375 0.028125 0.22421875
0 0.0375 0.696875 0.028125 0.19921875
41 0.06875 0.696875 0.03046875 0.19921875
31 0.10078125 0.6984375 0.02890625 0.2015625
22 0.1359375 0.6953125 0.02890625 0.2015625
35 0.19921875 0.696875 0.03125 0.19921875
33 0.23359375 0.69453125 0.02890625 0.19453125
43 0.265625 0.69453125 0.02890625 0.19453125
18 0.29921875 0.69375 0.028125 0.1921875