35 0.03359375 0.42734375 0.0421875 0.2203125
33 0.065625 0.42421875 0.0421875 0.21875
43 0.10078125 0.42265625 0.0421875 0.2234375
43 0.1328125 0.4203125 0.040625 0.2234375
57 0.16640625 0.4203125 0.0421875 0.225
51 0.19921875 0.4140625 0.040625 0.215625
41 0.23359375 0.4125 0.0390625 0.215625
1 0.26484375 0.40859375 0.0375 0.215625
34 0.325 0.40546875 0.04375 0.215625
1 0.36171875 0.40078125 0.0390625 0.2125
27 0.39375 0.39921875 0.0421875 0.2125
5 0.428125 0.39765625 0.040625 0.2125
53 0.46015625 0.39375 0.0390625 0.209375
41 0.49453125 0.3921875 0.04375 0.209375
52 0.55703125 0.390625 0.04375 0.1984375
0 0.590625 0.3890625 0.0390625 0.19375
3 0.62421875 0.3859375 0.0359375 0.1859375
43 0.65625 0.38359375 0.0390625 0.190625
27 0.6890625 0.38125 0.0390625 0.1890625
35 0.7515625 0.38125 0.0421875 0.2
52 0.7875 0.38359375 0.040625 0.2078125
35 0.81953125 0.38125 0.0390625 0.2125
42 0.8546875 0.38046875 0.0421875 0.21875
4 0.915625 0.37734375 0.0421875 0.228125
41 0.94765625 0.375 0.0390625 0.225
0 0.0484375 0.72109375 0.0390625 0.2
41 0.0796875 0.71953125 0.040625 0.2
31 0.11171875 0.71875 0.0390625 0.203125
22 0.146875 0.7140625 0.0390625 0.203125
35 0.21015625 0.7125 0.0421875 0.2
33 0.24375 0.70859375 0.0390625 0.1953125
43 0.27578125 0.70625 0.0390625 0.1953125
18 0.309375 0.70390625 0.0375 0.19375