35 0.0328125 0.58203125 0.02421875 0.34140625
33 0.0578125 0.58046875 0.02421875 0.33828125
43 0.08046875 0.578125 0.02109375 0.33828125
43 0.10546875 0.5734375 0.021875 0.3359375
57 0.12890625 0.57109375 0.02109375 0.32421875
51 0.15234375 0.57109375 0.0203125 0.31328125
41 0.1765625 0.571875 0.02109375 0.31640625
1 0.20078125 0.571875 0.01875 0.3109375
41 0.23203125 0.571875 0.02265625 0.31640625
55 0.2640625 0.5640625 0.02109375 0.3109375
15 0.2875 0.5625 0.01640625 0.30234375
14 0.30546875 0.5578125 0.01875 0.3046875
15 0.33515625 0.5578125 0.0171875 0.29921875
48 0.35234375 0.559375 0.01875 0.290625
5 0.37734375 0.55234375 0.0203125 0.28828125
53 0.40078125 0.55234375 0.0203125 0.28828125
19 0.42421875 0.55546875 0.02109375 0.29375
29 0.44765625 0.55546875 0.01953125 0.29921875
41 0.47109375 0.55390625 0.02109375 0.296875
31 0.5140625 0.5515625 0.02265625 0.290625
15 0.534375 0.55 0.01875 0.28828125
14 0.55390625 0.5515625 0.01796875 0.290625
0 0.57578125 0.5453125 0.02109375 0.2796875
3 0.59921875 0.5453125 0.02109375 0.2796875
59 0.6234375 0.55 0.021875 0.2828125
52 0.66796875 0.55 0.02109375 0.2828125
35 0.6921875 0.5484375 0.02109375 0.2796875
42 0.7171875 0.55234375 0.021875 0.29375
4 0.7609375 0.55390625 0.0234375 0.2796875
41 0.7859375 0.5484375 0.0203125 0.28515625
0 0.80859375 0.55 0.01953125 0.27734375
41 0.83359375 0.5515625 0.02109375 0.27421875
31 0.85703125 0.55234375 0.01953125 0.27109375
22 0.8828125 0.55234375 0.021875 0.27109375
35 0.925 0.55390625 0.021875 0.26875
26 0.95 0.559375 0.02265625 0.27421875
18 0.9734375 0.5609375 0.0203125 0.27734375