35 0.0296875 0.52421875 0.059375 0.3421875
33 0.0515625 0.52578125 0.065625 0.3390625
43 0.07421875 0.5265625 0.0625 0.3390625
43 0.09921875 0.525 0.0625 0.3359375
57 0.12265625 0.525 0.0609375 0.325
51 0.14609375 0.528125 0.0578125 0.3140625
41 0.1703125 0.53203125 0.059375 0.3171875
1 0.19453125 0.53515625 0.05625 0.3109375
41 0.225 0.5390625 0.0609375 0.3171875
55 0.2578125 0.53515625 0.059375 0.3109375
15 0.28125 0.5359375 0.053125 0.3015625
14 0.3 0.53359375 0.05625 0.3046875
15 0.3296875 0.5375 0.053125 0.2984375
48 0.34609375 0.540625 0.0546875 0.290625
5 0.371875 0.53671875 0.0546875 0.2890625
53 0.3953125 0.53984375 0.0546875 0.2890625
19 0.41796875 0.54609375 0.05625 0.29375
29 0.44140625 0.5484375 0.05625 0.3
41 0.46484375 0.55 0.0578125 0.296875
31 0.5078125 0.553125 0.0578125 0.290625
15 0.528125 0.55390625 0.053125 0.2890625
14 0.546875 0.5578125 0.053125 0.290625
0 0.56953125 0.55390625 0.0546875 0.2796875
3 0.59296875 0.55703125 0.0546875 0.2796875
59 0.61640625 0.56484375 0.05625 0.2828125
52 0.6609375 0.5703125 0.0546875 0.2828125
35 0.68515625 0.571875 0.0546875 0.2796875
42 0.709375 0.578125 0.0578125 0.29375
4 0.75234375 0.58515625 0.0578125 0.2796875
41 0.778125 0.5828125 0.0546875 0.2859375
0 0.8 0.5875 0.053125 0.278125
41 0.825 0.5921875 0.0546875 0.275
31 0.84765625 0.5953125 0.053125 0.271875
22 0.8734375 0.5984375 0.0546875 0.271875
35 0.915625 0.60546875 0.0546875 0.26875
26 0.9390625 0.6140625 0.05625 0.275
18 0.9625 0.61796875 0.0546875 0.278125