35 0.02890625 0.5578125 0.0421875 0.3421875
33 0.05390625 0.55703125 0.0421875 0.3390625
43 0.07734375 0.55625 0.0390625 0.3390625
43 0.10234375 0.55234375 0.0390625 0.3359375
57 0.12578125 0.5515625 0.0375 0.325
51 0.14921875 0.553125 0.0359375 0.3140625
41 0.1734375 0.5546875 0.0375 0.3171875
1 0.19765625 0.55625 0.034375 0.3109375
41 0.22890625 0.5578125 0.0390625 0.3171875
55 0.2609375 0.5515625 0.0375 0.3109375
15 0.284375 0.5515625 0.0328125 0.303125
14 0.30234375 0.54765625 0.034375 0.3046875
15 0.33203125 0.54921875 0.0328125 0.3
48 0.34921875 0.5515625 0.034375 0.290625
5 0.375 0.54609375 0.0359375 0.2890625
53 0.3984375 0.546875 0.0359375 0.2890625
19 0.42109375 0.5515625 0.0359375 0.29375
29 0.44453125 0.55234375 0.0359375 0.3
41 0.46796875 0.55234375 0.0359375 0.296875
31 0.51171875 0.55234375 0.0375 0.2921875
15 0.53203125 0.5515625 0.034375 0.2890625
14 0.55078125 0.5546875 0.0328125 0.290625
0 0.5734375 0.54921875 0.0359375 0.2796875
3 0.596875 0.55078125 0.0359375 0.2796875
59 0.6203125 0.55625 0.0359375 0.2828125
52 0.66484375 0.55859375 0.0359375 0.2828125
35 0.6890625 0.55859375 0.0359375 0.2796875
42 0.7140625 0.56328125 0.0375 0.29375
4 0.7578125 0.5671875 0.0375 0.28125
41 0.7828125 0.56328125 0.0359375 0.2859375
0 0.80546875 0.56640625 0.034375 0.278125
41 0.83046875 0.56875 0.0359375 0.275
31 0.85390625 0.57109375 0.034375 0.271875
22 0.8796875 0.57265625 0.0359375 0.271875
35 0.921875 0.57578125 0.0359375 0.26875
26 0.94609375 0.5828125 0.0375 0.275
18 0.96953125 0.5859375 0.034375 0.278125