35 0.02421875 0.32265625 0.0328125 0.2390625
33 0.04140625 0.32578125 0.0328125 0.2421875
40 0.05703125 0.325 0.03125 0.2390625
1 0.075 0.32421875 0.03125 0.234375
33 0.0921875 0.32734375 0.03125 0.2390625
26 0.10859375 0.325 0.03125 0.2375
41 0.12734375 0.321875 0.03125 0.2453125
55 0.15 0.31875 0.028125 0.2140625
15 0.16171875 0.31953125 0.0265625 0.1984375
31 0.184375 0.31953125 0.0265625 0.20625
41 0.196875 0.3203125 0.0265625 0.1953125
15 0.21875 0.3234375 0.028125 0.1984375
31 0.25078125 0.32265625 0.0265625 0.1921875
20 0.26328125 0.32265625 0.025 0.190625
19 0.28046875 0.32421875 0.028125 0.1953125
41 0.29609375 0.33125 0.028125 0.2078125
55 0.31875 0.3328125 0.028125 0.2078125
15 0.33125 0.33203125 0.028125 0.20625
35 0.3484375 0.33671875 0.028125 0.2015625
45 0.36484375 0.33828125 0.0296875 0.2140625
3 0.38203125 0.34296875 0.028125 0.2078125
41 0.39921875 0.346875 0.03125 0.2078125
15 0.41640625 0.34375 0.0296875 0.2109375
55 0.43984375 0.3453125 0.028125 0.20625
15 0.45078125 0.35 0.028125 0.2078125
27 0.46796875 0.3515625 0.0296875 0.2078125
35 0.48515625 0.35078125 0.0296875 0.20625
57 0.50234375 0.3578125 0.028125 0.2015625
55 0.52421875 0.35 0.0265625 0.2078125
15 0.53671875 0.35234375 0.028125 0.2015625
35 0.553125 0.35078125 0.028125 0.20625
58 0.57109375 0.35234375 0.028125 0.20625
19 0.58828125 0.3515625 0.028125 0.203125
41 0.60625 0.3515625 0.0296875 0.2015625
1 0.62421875 0.353125 0.0265625 0.2015625
26 0.63984375 0.353125 0.0296875 0.2078125
6 0.65625 0.3546875 0.028125 0.2078125
15 0.675 0.35390625 0.028125 0.2109375
0 0.69140625 0.35703125 0.0296875 0.2140625
41 0.70859375 0.3578125 0.0296875 0.2140625
31 0.7265625 0.3578125 0.0296875 0.2109375
55 0.74765625 0.3609375 0.028125 0.2078125
7 0.76015625 0.35859375 0.028125 0.2078125
35 0.77734375 0.35859375 0.0296875 0.2109375
33 0.79453125 0.36484375 0.0296875 0.20625
40 0.81171875 0.365625 0.0296875 0.20625
18 0.82890625 0.36875 0.0296875 0.203125
24 0.0078125 0.64609375 0.015625 0.2109375
7 0.01875 0.64296875 0.0296875 0.2078125
21 0.03671875 0.64453125 0.0296875 0.2140625
32 0.053125 0.64765625 0.0296875 0.2171875
19 0.0703125 0.64921875 0.0296875 0.2140625
57 0.0875 0.6546875 0.03125 0.2171875
0 0.1046875 0.6546875 0.028125 0.21875
41 0.1203125 0.6546875 0.0296875 0.2171875
31 0.1375 0.65546875 0.0296875 0.2109375
37 0.16875 0.66015625 0.03125 0.2171875
12 0.18828125 0.659375 0.03125 0.2171875
3 0.20625 0.6578125 0.0296875 0.20625
41 0.221875 0.66171875 0.0296875 0.2109375
1 0.23984375 0.6625 0.0296875 0.2109375
15 0.25703125 0.6640625 0.0296875 0.2171875
35 0.2875 0.671875 0.0296875 0.20625
33 0.30546875 0.67265625 0.0296875 0.20625
43 0.321875 0.67109375 0.0296875 0.20625
43 0.33984375 0.66953125 0.0296875 0.20625
57 0.3578125 0.67109375 0.0296875 0.20625
51 0.3734375 0.671875 0.028125 0.20625
41 0.390625 0.6734375 0.03125 0.20625
15 0.41484375 0.675 0.0296875 0.2015625
3 0.4390625 0.67265625 0.028125 0.1921875
20 0.45703125 0.67421875 0.028125 0.1921875
19 0.47421875 0.6765625 0.028125 0.1953125
57 0.49140625 0.67890625 0.028125 0.1984375
19 0.509375 0.68125 0.028125 0.2015625
28 0.5265625 0.6828125 0.0296875 0.2015625
41 0.54375 0.68203125 0.0296875 0.1984375
3 0.575 0.68359375 0.0296875 0.1953125
41 0.5921875 0.68359375 0.0296875 0.1921875
15 0.6109375 0.68046875 0.028125 0.1953125
15 0.6328125 0.6859375 0.025 0.2078125
27 0.6453125 0.68515625 0.028125 0.2078125
35 0.675 0.696875 0.03125 0.2078125
57 0.69375 0.696875 0.03125 0.2015625
35 0.71015625 0.70078125 0.028125 0.1953125
42 0.7265625 0.69921875 0.0296875 0.20625
4 0.76015625 0.7046875 0.028125 0.20625
41 0.7765625 0.70625 0.0296875 0.2078125
0 0.79296875 0.7078125 0.028125 0.2078125
41 0.81015625 0.7078125 0.0296875 0.2109375
31 0.82734375 0.71015625 0.0296875 0.2140625
22 0.8453125 0.71328125 0.0296875 0.2171875
35 0.8765625 0.71484375 0.03125 0.2171875
33 0.89453125 0.71484375 0.0296875 0.2140625
43 0.91171875 0.71328125 0.03125 0.2140625
18 0.928125 0.71640625 0.0265625 0.2109375
0 0.94609375 0.71484375 0.028125 0.20625
10 0.9625 0.71328125 0.03125 0.20625