35 0.0453125 0.27421875 0.0578125 0.2375
33 0.0625 0.278125 0.0578125 0.240625
40 0.078125 0.2796875 0.0546875 0.2375
1 0.09609375 0.28046875 0.05625 0.2328125
33 0.1125 0.2859375 0.05625 0.2375
26 0.1296875 0.284375 0.0546875 0.2359375
41 0.14765625 0.284375 0.0578125 0.24375
55 0.17109375 0.28359375 0.05 0.2125
15 0.1828125 0.28515625 0.046875 0.196875
31 0.2046875 0.2875 0.046875 0.2046875
41 0.2171875 0.28984375 0.046875 0.1953125
15 0.23828125 0.2953125 0.0484375 0.196875
31 0.2703125 0.29765625 0.046875 0.1921875
20 0.2828125 0.29921875 0.0453125 0.1890625
19 0.3 0.30234375 0.0484375 0.1953125
41 0.31484375 0.3109375 0.05 0.2078125
55 0.3375 0.31484375 0.0484375 0.20625
15 0.35 0.315625 0.0484375 0.2046875
35 0.36640625 0.321875 0.0484375 0.2
45 0.3828125 0.325 0.0515625 0.2125
3 0.3984375 0.33125 0.05 0.2078125
41 0.41640625 0.33671875 0.0515625 0.2078125
15 0.4328125 0.3359375 0.0515625 0.2109375
55 0.45625 0.33984375 0.0484375 0.2046875
15 0.4671875 0.34609375 0.0484375 0.20625
27 0.48359375 0.3484375 0.0515625 0.2078125
35 0.50078125 0.35 0.05 0.2046875
57 0.5171875 0.35859375 0.0484375 0.2
55 0.53984375 0.353125 0.0484375 0.20625
15 0.55234375 0.35703125 0.0484375 0.2
35 0.56875 0.3578125 0.0484375 0.2046875
58 0.58671875 0.3609375 0.0484375 0.2046875
19 0.603125 0.36171875 0.0484375 0.203125
41 0.62109375 0.36328125 0.05 0.2
1 0.63828125 0.36640625 0.046875 0.2
26 0.65390625 0.36875 0.05 0.2078125
6 0.67109375 0.371875 0.05 0.2078125
15 0.6890625 0.3734375 0.05 0.2109375
0 0.70546875 0.37734375 0.0515625 0.2125
41 0.72265625 0.38046875 0.0515625 0.2125
31 0.740625 0.38203125 0.0515625 0.2109375
55 0.7609375 0.3875 0.0484375 0.20625
7 0.77421875 0.38671875 0.05 0.2078125
35 0.790625 0.3890625 0.0515625 0.2109375
33 0.80703125 0.39609375 0.05 0.2046875
40 0.82421875 0.39921875 0.05 0.2046875
18 0.840625 0.40390625 0.05 0.203125
24 0.00703125 0.59296875 0.0140625 0.2109375
7 0.015625 0.59140625 0.03125 0.2078125
21 0.025 0.5953125 0.05 0.2125
32 0.040625 0.6 0.0515625 0.215625
19 0.05703125 0.60390625 0.053125 0.2125
57 0.0734375 0.61015625 0.053125 0.215625
0 0.090625 0.6125 0.0515625 0.2171875
41 0.10625 0.6140625 0.0515625 0.215625
31 0.1234375 0.6171875 0.0515625 0.2109375
37 0.15390625 0.62421875 0.053125 0.215625
12 0.1734375 0.62578125 0.053125 0.215625
3 0.19140625 0.6265625 0.05 0.2046875
41 0.20625 0.63125 0.0515625 0.2109375
1 0.22421875 0.634375 0.0515625 0.2109375
15 0.240625 0.6375 0.0515625 0.215625
35 0.27109375 0.6484375 0.0515625 0.2046875
33 0.28828125 0.6515625 0.05 0.2046875
43 0.30546875 0.6515625 0.0515625 0.2046875
43 0.3234375 0.65234375 0.0515625 0.2046875
57 0.340625 0.65546875 0.05 0.2046875
51 0.35625 0.6578125 0.05 0.2046875
41 0.3734375 0.6609375 0.0515625 0.2046875
15 0.396875 0.66484375 0.0515625 0.2
3 0.421875 0.665625 0.046875 0.1921875
20 0.4390625 0.66875 0.0484375 0.1921875
19 0.45625 0.6734375 0.0484375 0.1953125
57 0.47265625 0.6765625 0.0484375 0.196875
19 0.48984375 0.68125 0.05 0.2
28 0.50703125 0.684375 0.05 0.2
41 0.52421875 0.6859375 0.05 0.196875
3 0.55546875 0.690625 0.05 0.1953125
41 0.57265625 0.6921875 0.0484375 0.1921875
15 0.59140625 0.69140625 0.0484375 0.1953125
15 0.6125 0.69921875 0.046875 0.20625
27 0.625 0.69921875 0.05 0.2078125
35 0.653125 0.7140625 0.0515625 0.2078125
57 0.671875 0.715625 0.0515625 0.2
35 0.6875 0.721875 0.0484375 0.1953125
42 0.7046875 0.721875 0.0515625 0.2046875
4 0.73671875 0.73046875 0.05 0.2046875
41 0.75390625 0.734375 0.0515625 0.2078125
0 0.7703125 0.7375 0.0484375 0.20625
41 0.78671875 0.7390625 0.0515625 0.2109375
31 0.80390625 0.74296875 0.053125 0.2125
22 0.82109375 0.74765625 0.0515625 0.215625
35 0.85234375 0.753125 0.053125 0.215625
33 0.8703125 0.7546875 0.0515625 0.2125
43 0.8875 0.75546875 0.053125 0.2125
18 0.903125 0.76015625 0.0484375 0.209375
0 0.92109375 0.76015625 0.05 0.2046875
10 0.93828125 0.76015625 0.0515625 0.2046875