35 0.01328125 0.35625 0.01640625 0.2390625
33 0.03046875 0.3578125 0.015625 0.2421875
40 0.04609375 0.35625 0.0140625 0.2390625
1 0.0640625 0.35390625 0.015625 0.234375
33 0.08125 0.35625 0.01484375 0.2390625
26 0.09765625 0.35234375 0.0140625 0.23671875
41 0.115625 0.3484375 0.01484375 0.24453125
55 0.13828125 0.34375 0.01328125 0.21328125
15 0.15 0.34375 0.01328125 0.19765625
31 0.17265625 0.3421875 0.01171875 0.20546875
41 0.18515625 0.3421875 0.01328125 0.1953125
15 0.20703125 0.34375 0.01484375 0.19765625
31 0.2390625 0.340625 0.01328125 0.1921875
20 0.2515625 0.33984375 0.0125 0.18984375
19 0.26875 0.33984375 0.0140625 0.1953125
41 0.28515625 0.34609375 0.0140625 0.2078125
55 0.3078125 0.34609375 0.01328125 0.2078125
15 0.3203125 0.34453125 0.01328125 0.20546875
35 0.3375 0.34765625 0.0140625 0.20078125
45 0.35390625 0.3484375 0.01484375 0.21328125
3 0.37109375 0.3515625 0.0140625 0.2078125
41 0.3890625 0.35390625 0.01640625 0.2078125
15 0.40546875 0.35 0.015625 0.2109375
55 0.42890625 0.35 0.01328125 0.20546875
15 0.440625 0.35390625 0.01328125 0.2078125
27 0.4578125 0.35390625 0.015625 0.2078125
35 0.475 0.35234375 0.01484375 0.20546875
57 0.4921875 0.3578125 0.0140625 0.20078125
55 0.5140625 0.3484375 0.0125 0.2078125
15 0.5265625 0.35 0.0140625 0.20078125
35 0.54296875 0.34765625 0.01328125 0.20546875
58 0.5609375 0.34765625 0.01328125 0.20546875
19 0.57734375 0.34609375 0.0140625 0.203125
41 0.5953125 0.34453125 0.015625 0.20078125
1 0.61328125 0.34453125 0.0125 0.20078125
26 0.62890625 0.34375 0.01484375 0.2078125
6 0.64609375 0.34375 0.0140625 0.2078125
15 0.6640625 0.3421875 0.0140625 0.2109375
0 0.68125 0.34375 0.01484375 0.21328125
41 0.6984375 0.34375 0.01484375 0.21328125
31 0.71640625 0.3421875 0.015625 0.2109375
55 0.7375 0.34375 0.01328125 0.2078125
7 0.75 0.340625 0.0140625 0.2078125
35 0.7671875 0.33984375 0.015625 0.2109375
33 0.784375 0.34453125 0.01484375 0.20546875
40 0.8015625 0.34453125 0.01484375 0.20546875
18 0.81875 0.34609375 0.01484375 0.203125
24 0.01171875 0.68046875 0.01640625 0.2109375
7 0.0296875 0.6765625 0.015625 0.2078125
21 0.04765625 0.6765625 0.015625 0.21328125
32 0.06484375 0.678125 0.01484375 0.21640625
19 0.08203125 0.67890625 0.015625 0.21328125
57 0.09921875 0.6828125 0.015625 0.21640625
0 0.11640625 0.68203125 0.01328125 0.21875
41 0.13203125 0.68046875 0.01484375 0.21640625
31 0.14921875 0.68046875 0.01484375 0.2109375
37 0.18046875 0.6828125 0.01640625 0.21640625
12 0.2 0.68046875 0.01640625 0.21640625
3 0.21796875 0.678125 0.01484375 0.20546875
41 0.23359375 0.68046875 0.01484375 0.2109375
1 0.2515625 0.68046875 0.01484375 0.2109375
15 0.26875 0.68046875 0.01484375 0.21640625
35 0.3 0.6859375 0.015625 0.20546875
33 0.31796875 0.6859375 0.01484375 0.20546875
43 0.334375 0.6828125 0.015625 0.20546875
43 0.35234375 0.68046875 0.015625 0.20546875
57 0.3703125 0.68046875 0.01484375 0.20546875
51 0.3859375 0.68046875 0.0140625 0.20546875
41 0.403125 0.68046875 0.01640625 0.20546875
15 0.42734375 0.68046875 0.01640625 0.20078125
3 0.4515625 0.6765625 0.0140625 0.1921875
20 0.46953125 0.6765625 0.01484375 0.1921875
19 0.48671875 0.678125 0.01484375 0.1953125
57 0.50390625 0.67890625 0.01484375 0.19765625
19 0.521875 0.68046875 0.01484375 0.20078125
28 0.5390625 0.68046875 0.015625 0.20078125
41 0.55625 0.67890625 0.015625 0.19765625
3 0.5875 0.678125 0.015625 0.1953125
41 0.6046875 0.6765625 0.015625 0.1921875
15 0.6234375 0.67265625 0.01484375 0.1953125
15 0.6453125 0.6765625 0.0109375 0.2078125
27 0.6578125 0.67421875 0.0140625 0.2078125
35 0.68828125 0.684375 0.01640625 0.2078125
57 0.70703125 0.6828125 0.0171875 0.20078125
35 0.7234375 0.6859375 0.0140625 0.1953125
42 0.73984375 0.6828125 0.015625 0.20546875
4 0.7734375 0.6859375 0.0140625 0.20546875
41 0.790625 0.68671875 0.015625 0.2078125
0 0.80703125 0.68671875 0.01328125 0.2078125
41 0.82421875 0.6859375 0.01484375 0.2109375
31 0.84140625 0.68671875 0.015625 0.21328125
22 0.859375 0.68828125 0.01484375 0.21640625
35 0.890625 0.68828125 0.015625 0.21640625
33 0.90859375 0.68671875 0.01484375 0.21328125
43 0.92578125 0.684375 0.01640625 0.21328125
18 0.9421875 0.6859375 0.0125 0.2109375
0 0.96015625 0.6828125 0.0140625 0.20546875
10 0.9765625 0.68046875 0.01640625 0.20546875