30 0.15625 0.10390625 0.0875 0.146875
24 0.2234375 0.11015625 0.0875 0.15
53 0.28984375 0.12109375 0.0828125 0.153125
26 0.36171875 0.13125 0.0828125 0.146875
14 0.4296875 0.1375 0.084375 0.146875
23 0.496875 0.14765625 0.090625 0.1546875
10 0.5671875 0.15625 0.0859375 0.1578125
44 0.6359375 0.16484375 0.0890625 0.15
24 0.703125 0.1765625 0.078125 0.146875
26 0.77109375 0.18359375 0.084375 0.153125
53 0.83828125 0.1921875 0.0890625 0.1546875
30 0.13046875 0.2921875 0.084375 0.1546875
24 0.20234375 0.29921875 0.0875 0.153125
53 0.26953125 0.30625 0.08125 0.1546875
26 0.340625 0.31796875 0.084375 0.1484375
14 0.40546875 0.325 0.0859375 0.146875
23 0.4703125 0.3359375 0.0875 0.153125
10 0.53984375 0.34453125 0.0859375 0.1421875
44 0.60625 0.35546875 0.084375 0.1578125
24 0.6765625 0.3625 0.0859375 0.1515625
26 0.74453125 0.37578125 0.084375 0.15
53 0.81328125 0.38046875 0.0859375 0.15625
30 0.1046875 0.4703125 0.0828125 0.15625
24 0.17421875 0.4796875 0.0859375 0.1515625
53 0.24140625 0.4921875 0.084375 0.1578125
26 0.30546875 0.50234375 0.078125 0.15
14 0.37109375 0.5109375 0.0921875 0.1515625
23 0.44609375 0.51640625 0.0859375 0.1515625
10 0.5171875 0.53359375 0.0859375 0.153125
44 0.584375 0.546875 0.0875 0.1609375
24 0.65 0.54765625 0.08125 0.15625
26 0.72109375 0.5578125 0.0796875 0.1453125
53 0.78984375 0.5671875 0.0859375 0.1421875
30 0.0734375 0.65859375 0.0875 0.14375
24 0.14453125 0.6703125 0.0796875 0.1546875
53 0.21484375 0.67734375 0.08125 0.1421875
26 0.28203125 0.68828125 0.0828125 0.1515625
14 0.346875 0.696875 0.090625 0.153125
23 0.41875 0.7125 0.084375 0.1390625
10 0.48671875 0.71953125 0.084375 0.15
44 0.5578125 0.7265625 0.0953125 0.1578125
24 0.6234375 0.73828125 0.0828125 0.1484375
26 0.6984375 0.7421875 0.0828125 0.1515625
53 0.7625 0.7484375 0.084375 0.1609375