30 0.1171875 0.1421875 0.0734375 0.140625
24 0.184375 0.14140625 0.0734375 0.14375
53 0.2515625 0.1453125 0.0671875 0.146875
26 0.32421875 0.14765625 0.06875 0.140625
14 0.3921875 0.146875 0.0703125 0.140625
23 0.46015625 0.15 0.075 0.15
10 0.53125 0.15078125 0.0703125 0.1515625
44 0.60078125 0.15234375 0.075 0.1453125
24 0.66796875 0.15703125 0.0640625 0.1421875
26 0.7359375 0.15703125 0.06875 0.146875
53 0.80390625 0.15859375 0.0734375 0.1484375
30 0.1109375 0.33125 0.06875 0.1484375
24 0.1828125 0.33203125 0.071875 0.146875
53 0.25 0.33203125 0.065625 0.1484375
26 0.32265625 0.3359375 0.0703125 0.1421875
14 0.3875 0.3359375 0.071875 0.140625
23 0.453125 0.33984375 0.071875 0.146875
10 0.5234375 0.34140625 0.071875 0.1359375
44 0.590625 0.3453125 0.06875 0.1515625
24 0.6609375 0.34453125 0.071875 0.1453125
26 0.73046875 0.35078125 0.0703125 0.14375
53 0.79921875 0.3484375 0.0703125 0.15
30 0.10390625 0.51171875 0.0671875 0.15
24 0.1734375 0.51328125 0.071875 0.1453125
53 0.2421875 0.51875 0.06875 0.1515625
26 0.30703125 0.52265625 0.0640625 0.1453125
14 0.3734375 0.52421875 0.078125 0.1453125
23 0.4484375 0.521875 0.071875 0.1453125
10 0.52109375 0.53125 0.0703125 0.146875
44 0.58828125 0.5375 0.071875 0.1546875
24 0.6546875 0.53203125 0.065625 0.1515625
26 0.7265625 0.534375 0.065625 0.1390625
53 0.7953125 0.53671875 0.071875 0.1359375
30 0.09296875 0.70234375 0.0734375 0.1375
24 0.16484375 0.70625 0.0640625 0.15
53 0.23515625 0.70625 0.0671875 0.1359375
26 0.30234375 0.71015625 0.06875 0.1453125
14 0.36796875 0.71171875 0.075 0.1484375
23 0.44140625 0.7203125 0.071875 0.1328125
10 0.509375 0.7203125 0.0703125 0.14375
44 0.58125 0.71953125 0.0796875 0.1515625
24 0.64765625 0.72421875 0.06875 0.1421875
26 0.72265625 0.7203125 0.06875 0.1453125
53 0.78671875 0.71953125 0.06875 0.1546875