30 0.1046875 0.15546875 0.06875 0.1390625
24 0.171875 0.15234375 0.06875 0.1421875
53 0.2390625 0.15390625 0.0625 0.1453125
26 0.31171875 0.15390625 0.0640625 0.1390625
14 0.3796875 0.15078125 0.065625 0.1390625
23 0.44765625 0.1515625 0.0703125 0.146875
10 0.51875 0.15 0.065625 0.15
44 0.58828125 0.14921875 0.0703125 0.1421875
24 0.65625 0.1515625 0.059375 0.140625
26 0.72421875 0.14921875 0.0640625 0.1453125
53 0.7921875 0.1484375 0.06875 0.146875
30 0.10546875 0.3453125 0.0640625 0.146875
24 0.17734375 0.34296875 0.0671875 0.1453125
53 0.24453125 0.340625 0.0609375 0.146875
26 0.3171875 0.3421875 0.065625 0.140625
14 0.38203125 0.33984375 0.0671875 0.1390625
23 0.44765625 0.34140625 0.0671875 0.1453125
10 0.51796875 0.340625 0.0671875 0.134375
44 0.58515625 0.3421875 0.0640625 0.15
24 0.65546875 0.3390625 0.0671875 0.14375
26 0.725 0.34296875 0.065625 0.1421875
53 0.79375 0.33828125 0.065625 0.1484375
30 0.1046875 0.52578125 0.0625 0.1484375
24 0.17421875 0.525 0.0671875 0.14375
53 0.24296875 0.528125 0.0640625 0.15
26 0.3078125 0.5296875 0.059375 0.14375
14 0.37421875 0.52890625 0.0734375 0.1421875
23 0.44921875 0.5234375 0.0671875 0.14375
10 0.521875 0.53046875 0.065625 0.1453125
44 0.58984375 0.534375 0.0671875 0.153125
24 0.65546875 0.5265625 0.0609375 0.15
26 0.72734375 0.5265625 0.0609375 0.1375
53 0.79609375 0.5265625 0.0671875 0.134375
30 0.1 0.71640625 0.06875 0.1359375
24 0.171875 0.71796875 0.059375 0.1484375
53 0.2421875 0.715625 0.0625 0.134375
26 0.31015625 0.7171875 0.0640625 0.14375
14 0.37578125 0.71640625 0.0703125 0.1453125
23 0.44921875 0.721875 0.0671875 0.13125
10 0.5171875 0.71953125 0.065625 0.1421875
44 0.5890625 0.71640625 0.075 0.1484375
24 0.65546875 0.71875 0.0640625 0.140625
26 0.73046875 0.7125 0.0640625 0.14375
53 0.79453125 0.709375 0.0640625 0.153125