31 0.14375 0.17265625 0.0890625 0.1734375
47 0.23046875 0.17890625 0.1 0.175
35 0.31484375 0.18359375 0.09375 0.171875
37 0.3953125 0.190625 0.0921875 0.1765625
33 0.48046875 0.19453125 0.0859375 0.1734375
51 0.5625 0.1984375 0.1 0.1734375
53 0.653125 0.2078125 0.096875 0.1703125
49 0.734375 0.2140625 0.0953125 0.175
19 0.8203125 0.21796875 0.096875 0.178125
21 0.90625 0.2234375 0.103125 0.1796875
39 0.1265625 0.4375 0.0953125 0.16875
55 0.2109375 0.440625 0.0953125 0.1625
43 0.29140625 0.44296875 0.09375 0.1703125
45 0.3765625 0.446875 0.0984375 0.1734375
41 0.46171875 0.45234375 0.0875 0.16875
59 0.54609375 0.4578125 0.09375 0.1671875
61 0.63125 0.46484375 0.0921875 0.1625
57 0.71484375 0.475 0.0890625 0.165625
27 0.79453125 0.48046875 0.0859375 0.16875
29 0.8859375 0.48125 0.1 0.171875
40 0.27734375 0.7078125 0.0953125 0.1640625
56 0.36328125 0.709375 0.0953125 0.165625
22 0.45234375 0.71640625 0.1015625 0.1640625
44 0.534375 0.725 0.0890625 0.1578125
46 0.6109375 0.7296875 0.0953125 0.1609375
42 0.696875 0.734375 0.090625 0.1515625