31 0.121875 0.1984375 0.078125 0.16875
47 0.20859375 0.1984375 0.0890625 0.16875
35 0.29296875 0.19765625 0.0828125 0.1671875
37 0.37421875 0.1984375 0.0796875 0.171875
33 0.459375 0.196875 0.075 0.16875
51 0.54140625 0.19453125 0.0890625 0.1671875
53 0.63203125 0.19765625 0.0859375 0.1640625
49 0.7140625 0.1984375 0.084375 0.16875
19 0.8 0.19609375 0.084375 0.1734375
21 0.8859375 0.19609375 0.090625 0.1734375
39 0.1234375 0.4640625 0.084375 0.1625
55 0.2078125 0.4609375 0.084375 0.15625
43 0.28828125 0.4578125 0.0828125 0.165625
45 0.3734375 0.45546875 0.0875 0.1671875
41 0.45859375 0.45546875 0.0765625 0.1640625
59 0.54296875 0.4546875 0.0828125 0.1625
61 0.628125 0.45546875 0.08125 0.1578125
57 0.7125 0.46015625 0.078125 0.1609375
27 0.7921875 0.46015625 0.075 0.1640625
29 0.88359375 0.4546875 0.0890625 0.165625
40 0.2921875 0.72265625 0.084375 0.1578125
56 0.378125 0.71875 0.084375 0.159375
22 0.4671875 0.71953125 0.090625 0.1578125
44 0.55 0.721875 0.078125 0.153125
46 0.6265625 0.72109375 0.084375 0.1546875
42 0.7125 0.7203125 0.08125 0.146875