31 0.13828125 0.17890625 0.0875 0.171875
47 0.225 0.18359375 0.0984375 0.1734375
35 0.309375 0.1875 0.0921875 0.171875
37 0.38984375 0.1921875 0.0890625 0.1765625
33 0.475 0.1953125 0.084375 0.171875
51 0.55703125 0.196875 0.0984375 0.171875
53 0.64765625 0.2046875 0.09375 0.16875
49 0.7296875 0.21015625 0.09375 0.1734375
19 0.815625 0.2125 0.09375 0.178125
21 0.9015625 0.21640625 0.1 0.178125
39 0.12578125 0.44453125 0.0921875 0.1671875
55 0.21015625 0.4453125 0.0921875 0.1609375
43 0.290625 0.446875 0.090625 0.1703125
45 0.37578125 0.44921875 0.096875 0.171875
41 0.4609375 0.453125 0.084375 0.1671875
59 0.5453125 0.45703125 0.090625 0.1671875
61 0.63046875 0.4625 0.0890625 0.1625
57 0.7140625 0.47109375 0.0859375 0.1640625
27 0.79375 0.47578125 0.0828125 0.1671875
29 0.88515625 0.475 0.096875 0.1703125
40 0.28046875 0.71171875 0.0921875 0.1625
56 0.3671875 0.71171875 0.0921875 0.1640625
22 0.45546875 0.7171875 0.0984375 0.1625
44 0.53828125 0.72421875 0.0859375 0.15625
46 0.61484375 0.72734375 0.0921875 0.159375
42 0.70078125 0.73125 0.0890625 0.1515625