31 0.1265625 0.16953125 0.071875 0.1546875
47 0.21875 0.17421875 0.071875 0.1578125
35 0.3015625 0.17578125 0.0734375 0.1578125
37 0.38828125 0.18046875 0.071875 0.1578125
33 0.46875 0.184375 0.06875 0.1578125
51 0.55546875 0.1859375 0.0703125 0.1578125
53 0.640625 0.18984375 0.0734375 0.159375
49 0.728125 0.19296875 0.0734375 0.153125
19 0.8125 0.1953125 0.0734375 0.1546875
21 0.8984375 0.19609375 0.075 0.15
39 0.11640625 0.43828125 0.0703125 0.1671875
55 0.2078125 0.4421875 0.0734375 0.1625
43 0.290625 0.44453125 0.06875 0.1640625
45 0.375 0.4453125 0.075 0.1640625
41 0.46015625 0.45 0.075 0.1640625
59 0.5484375 0.45234375 0.075 0.159375
61 0.63203125 0.45625 0.0703125 0.1609375
57 0.71796875 0.46171875 0.071875 0.165625
27 0.80546875 0.4640625 0.071875 0.1640625
29 0.8859375 0.46640625 0.075 0.1640625
40 0.28203125 0.709375 0.075 0.165625
56 0.36640625 0.7109375 0.071875 0.1625
22 0.44921875 0.71484375 0.0640625 0.1609375
44 0.53515625 0.7171875 0.075 0.1625
46 0.62109375 0.721875 0.0703125 0.165625
42 0.709375 0.725 0.0765625 0.165625