31 0.115625 0.1828125 0.06640625 0.153125
47 0.2078125 0.184375 0.06640625 0.15625
35 0.290625 0.1828125 0.06875 0.15625
37 0.37734375 0.184375 0.0671875 0.15625
33 0.4578125 0.1859375 0.0640625 0.15625
51 0.54453125 0.184375 0.065625 0.15625
53 0.6296875 0.18515625 0.06796875 0.1578125
49 0.7171875 0.18515625 0.06796875 0.1515625
19 0.8015625 0.184375 0.06796875 0.153125
21 0.8875 0.18203125 0.06953125 0.1484375
39 0.11484375 0.4515625 0.0640625 0.16484375
55 0.20625 0.45234375 0.0671875 0.16015625
43 0.2890625 0.4515625 0.06328125 0.16171875
45 0.3734375 0.45 0.06875 0.16171875
41 0.45859375 0.4515625 0.06875 0.16171875
59 0.546875 0.45078125 0.06953125 0.1578125
61 0.63046875 0.4515625 0.06484375 0.15859375
57 0.71640625 0.45390625 0.065625 0.16328125
27 0.80390625 0.453125 0.06640625 0.16171875
29 0.884375 0.453125 0.06875 0.16171875
40 0.28984375 0.7171875 0.06875 0.16328125
56 0.37421875 0.715625 0.065625 0.16015625
22 0.45703125 0.71640625 0.05859375 0.15859375
44 0.54296875 0.715625 0.06875 0.16015625
46 0.62890625 0.7171875 0.06484375 0.16328125
42 0.7171875 0.7171875 0.07109375 0.16328125