31 0.15078125 0.14453125 0.0828125 0.159375
47 0.2421875 0.15546875 0.0828125 0.1625
35 0.325 0.1625 0.084375 0.1625
37 0.4109375 0.1734375 0.0828125 0.1625
33 0.490625 0.18359375 0.0796875 0.1625
51 0.57734375 0.190625 0.08125 0.1625
53 0.66171875 0.20078125 0.084375 0.1640625
49 0.74921875 0.209375 0.0828125 0.1578125
19 0.8328125 0.21796875 0.084375 0.159375
21 0.91875 0.22421875 0.084375 0.1546875
39 0.121875 0.41171875 0.08125 0.1703125
55 0.2125 0.421875 0.0828125 0.165625
43 0.2953125 0.4296875 0.0796875 0.1671875
45 0.3796875 0.43671875 0.0859375 0.16875
41 0.4640625 0.44765625 0.0859375 0.16875
59 0.5515625 0.45625 0.0859375 0.1640625
61 0.63515625 0.465625 0.08125 0.1640625
57 0.7203125 0.4765625 0.0828125 0.16875
27 0.80703125 0.48515625 0.0828125 0.1671875
29 0.8875 0.49375 0.0859375 0.16875
40 0.26796875 0.69375 0.0859375 0.1703125
56 0.35234375 0.7015625 0.08125 0.165625
22 0.434375 0.7109375 0.075 0.1640625
44 0.5203125 0.71875 0.084375 0.1671875
46 0.60546875 0.7296875 0.08125 0.16875
42 0.69296875 0.7390625 0.0875 0.1703125